gene_id MainDriverLoci MeanISMatLoci_in_refseq/MaxISM nBpatLociwith>5%_in_ref NbpatLociwith>10%_in_ref NbpatLociwith>20%_in_ref NbpatLociwith>50%_in_ref DistToBpwith>5%_in_ref DistToBpwith>10%_in_ref DistToBpwith>20%_in_ref DistToBpwith>50%_in_ref MeanISMatDistToBPwith>5%_in_refseq/MaxISM MeanISMatDistToBPwith>10%_in_refseq/MaxISM MeanISMatDistToBPwith>20%_in_refseq/MaxISM MeanISMatDistToBPwith>50%_in_refseq/MaxISM MeanISMatLoci_in_varseq/MaxISM nBpatLociwith>5%_in_var NbpatLociwith>10%_in_var NbpatLociwith>20%_in_var NbpatLociwith>50%_in_var DistToBpwith>5%_in_var DistToBpwith>10%_in_var DistToBpwith>20%_in_var DistToBpwith>50%_in_var MeanISMatDistToBPwith>5%_in_varseq/MaxISM MeanISMatDistToBPwith>10%_in_varseq/MaxISM MeanISMatDistToBPwith>20%_in_varseq/MaxISM MeanISMatDistToBPwith>50%_in_varseq/MaxISM
ENSG00000001460 24417389 -0.052781532900420924 1 0 0 0 0 20 20 20 -0.052781532900420924 0.006678503622841903 0.006678503622841903 0.006678503622841903 0.14554580955753935 8 7 0 0 0 0 20 20 0.14554580955753935 0.14554580955753935 -0.027064469899485712 -0.027064469899485712
ENSG00000006607 241356233 0.03598110770105097 0 0 0 0 3 4 6 7 -0.05879369829645733 -0.12570844067905185 -0.35845490056302953 -0.587256430956411 -0.10649461786292981 2 1 0 0 0 0 7 20 -0.10649461786292981 -0.10649461786292981 -0.36692566516019937 -0.12071133836328611
ENSG00000013573 31073901 0.37577145957846136 2 1 1 0 0 0 0 20 0.37577145957846136 0.37577145957846136 0.37577145957846136 -0.05224824443034456 -0.5165216898594652 6 5 5 3 0 0 0 0 -0.5165216898594652 -0.5165216898594652 -0.5165216898594652 -0.5165216898594652
ENSG00000014138 65261966 -0.029960202214648384 0 0 0 0 1 1 12 17 -0.11291314425588538 -0.11291314425588538 0.40513384401618224 -0.5064214163616897 0.15979102843243206 3 1 0 0 0 0 7 18 0.15979102843243206 0.15979102843243206 0.23010277789565792 -0.6812393435981923
ENSG00000015592 27261676 0.016736923783440164 0 0 0 0 20 20 20 20 0.003636357677219284 0.003636357677219284 0.003636357677219284 0.003636357677219284 -0.04344050025972932 0 0 0 0 20 20 20 20 -0.013749166352874646 -0.013749166352874646 -0.013749166352874646 -0.013749166352874646
ENSG00000023041 112446996 0.0769191680303211 1 0 0 0 0 3 4 11 0.0769191680303211 0.15920053388625624 0.2648902390590239 0.5320651846011213 -0.07556449459888448 1 0 0 0 0 2 8 20 -0.07556449459888448 -0.10784560714439784 0.21956486796309405 -0.21895139617796025
ENSG00000029639 155314503 -0.04414314998842411 0 0 0 0 1 1 1 20 -0.4133854632441802 -0.4133854632441802 -0.4133854632441802 0.10523816129995801 -0.33628303854356795 6 6 4 0 0 0 0 1 -0.33628303854356795 -0.33628303854356795 -0.33628303854356795 -0.5147692376286735
ENSG00000031691 49463261 -0.176733687160462 8 5 0 0 0 0 1 20 -0.176733687160462 -0.176733687160462 -0.21842228378723397 0.10472449393100736 0.44200625021692236 4 4 4 0 0 0 0 20 0.44200625021692236 0.44200625021692236 0.44200625021692236 0.13408179673054604
ENSG00000032742 20567343 0.08139777462617621 3 0 0 0 0 1 20 20 0.08139777462617621 0.13944074274655147 -0.04165283812023743 -0.04165283812023743 -0.13410933844310022 1 1 0 0 0 0 20 20 -0.13410933844310022 -0.13410933844310022 -0.03968927969966339 -0.03968927969966339
ENSG00000040531 3636427 0.10172886261604547 2 1 0 0 0 0 4 20 0.10172886261604547 0.10172886261604547 -0.2114805034242253 0.14643881739407477 -0.05518021876271071 1 0 0 0 0 4 4 20 -0.05518021876271071 -0.2895567057977419 -0.2895567057977419 0.08068064585747363
ENSG00000041802 194672479 -0.058128461216665844 3 0 0 0 0 1 20 20 -0.058128461216665844 -0.11782579561699165 -0.030723688233951645 -0.030723688233951645 0.12230447493312158 5 2 0 0 0 0 20 20 0.12230447493312158 0.12230447493312158 0.05917233439822278 0.05917233439822278
ENSG00000042493 85418470 -0.0012245504210089064 0 0 0 0 20 20 20 20 -0.004515744489509758 -0.004515744489509758 -0.004515744489509758 -0.004515744489509758 0.005186261709116462 0 0 0 0 20 20 20 20 -0.008293773548154583 -0.008293773548154583 -0.008293773548154583 -0.008293773548154583
ENSG00000053900 25377097 -0.17551782061500265 6 3 0 0 0 0 2 20 -0.17551782061500265 -0.17551782061500265 -0.2008031029322507 -0.3171100120925828 0.001924084936139078 0 0 0 0 1 12 19 20 0.06737101843369163 -0.12020559502645543 -0.30213159754296287 -0.37680285288652865
ENSG00000064199 124673946 0.007247856681764586 0 0 0 0 1 1 5 7 -0.14202575360687428 -0.14202575360687428 0.3508841265522497 0.5149502159767682 0.4313030983641249 8 6 5 0 0 0 0 20 0.4313030983641249 0.4313030983641249 0.4313030983641249 0.13462467701292302
ENSG00000065060 34793179 0.2610282707646813 10 7 4 0 0 0 0 20 0.2610282707646813 0.2610282707646813 0.2610282707646813 -0.11020050199038023 -0.20706282268000473 3 1 1 0 0 0 0 20 -0.20706282268000473 -0.20706282268000473 -0.20706282268000473 -0.16655162435412693
ENSG00000071894 144393097 -0.005448761707773405 0 0 0 0 20 20 20 20 0.0024997672994061418 0.0024997672994061418 0.0024997672994061418 0.0024997672994061418 0.0055848142525982 0 0 0 0 20 20 20 20 0.004097671138799442 0.004097671138799442 0.004097671138799442 0.004097671138799442
ENSG00000074410 63381924 0.17335707366024788 3 2 0 0 0 0 1 20 0.17335707366024788 0.17335707366024788 0.3079371771172145 -0.07640417715556051 -0.16628835374943446 3 2 0 0 0 0 3 20 -0.16628835374943446 -0.16628835374943446 -0.23228358969186344 -0.19126109568925787
ENSG00000075131 66386717 -0.024063072534065127 0 0 0 0 1 1 4 20 0.12653253725476885 0.12653253725476885 0.21494841933520528 -0.14761736711010184 0.2942350638789348 7 7 2 0 0 0 0 20 0.2942350638789348 0.2942350638789348 0.2942350638789348 0.11970719113247462
ENSG00000075336 74146367 0.03317406839573777 0 0 0 0 20 20 20 20 0.014269033435012152 0.014269033435012152 0.014269033435012152 0.014269033435012152 -0.10540321441055504 5 2 0 0 0 0 20 20 -0.10540321441055504 -0.10540321441055504 -0.009799202931579829 -0.009799202931579829
ENSG00000083535 72795504 0.008268439145463475 0 0 0 0 20 20 20 20 0.01249406677196369 0.01249406677196369 0.01249406677196369 0.01249406677196369 -0.015333009731442032 0 0 0 0 20 20 20 20 -0.020583877041393864 -0.020583877041393864 -0.020583877041393864 -0.020583877041393864
ENSG00000084207 67583533 0.11072683838127413 6 2 0 0 0 0 20 20 0.11072683838127413 0.11072683838127413 -0.052967876740416725 -0.052967876740416725 0.002129052835764545 0 0 0 0 8 20 20 20 -0.06493671034388486 -0.03351244247430465 -0.03351244247430465 -0.03351244247430465
ENSG00000085514 100367038 0.06033986038929374 1 0 0 0 0 20 20 20 0.06033986038929374 0.011697812057943208 0.011697812057943208 0.011697812057943208 -0.16857545007818756 3 2 0 0 0 0 20 20 -0.16857545007818756 -0.16857545007818756 0.03948825321700455 0.03948825321700455
ENSG00000085982 233566769 -0.18954502302867496 7 7 0 0 0 0 1 3 -0.18954502302867496 -0.18954502302867496 -0.49350131207481934 -0.8747956438286882 0.42945183047910424 1 1 1 0 0 0 0 3 0.42945183047910424 0.42945183047910424 0.42945183047910424 -0.5776661235962043
ENSG00000088854 3408365 -0.010518418692211012 0 0 0 0 20 20 20 20 -0.007099986597221125 -0.007099986597221125 -0.007099986597221125 -0.007099986597221125 0.01894721243154111 0 0 0 0 20 20 20 20 0.011379039485807116 0.011379039485807116 0.011379039485807116 0.011379039485807116
ENSG00000089041 121133096 0.98475986283262 7 7 7 6 0 0 0 0 0.98475986283262 0.98475986283262 0.98475986283262 0.98475986283262 -0.3485734705007133 1 1 1 0 0 0 0 20 -0.3485734705007133 -0.3485734705007133 -0.3485734705007133 0.037441586501496454
ENSG00000095485 100267650 -0.13427190223820892 4 1 0 0 0 0 11 20 -0.13427190223820892 -0.13427190223820892 0.3923193197632235 -0.1459416615203675 0.02478986415220988 0 0 0 0 1 9 11 20 0.09011763867644117 0.14300176658708239 0.31422649874175607 -0.04864064356062969
ENSG00000096872 26946478 0.06480110443801698 3 0 0 0 0 2 20 20 0.06480110443801698 0.14110408491614623 -0.055572219100606106 -0.055572219100606106 -0.03274492148879596 0 0 0 0 2 2 20 20 0.10039414881204596 0.10039414881204596 -0.06945368775446288 -0.06945368775446288
ENSG00000099330 17227073 -0.00016893243190659813 0 0 0 0 1 10 20 20 -0.06159828641282874 0.15621510002542596 -0.03356228188188597 -0.03356228188188597 -0.08840786335640559 3 0 0 0 0 2 20 20 -0.08840786335640559 -0.10742101722007824 -0.02994368358561875 -0.02994368358561875
ENSG00000100299 50628109 -0.06222755941674269 3 0 0 0 0 2 4 20 -0.06222755941674269 -0.18386769520555105 -0.22575289896805817 -0.12805423079914974 -0.18567329907701693 4 4 0 0 0 0 1 20 -0.18567329907701693 -0.18567329907701693 -0.27435722636408516 -0.17367229894439348
ENSG00000100325 29838229 0.12629205086266185 2 2 0 0 0 0 1 20 0.12629205086266185 0.12629205086266185 0.2813004269728326 0.32330458199038 0.5191128931232522 5 5 5 1 0 0 0 0 0.5191128931232522 0.5191128931232522 0.5191128931232522 0.5191128931232522
ENSG00000100483 50116365 0.18327910053543853 4 4 0 0 0 0 1 20 0.18327910053543853 0.18327910053543853 0.24076103160550277 0.08169776996513535 -0.13496026115314205 1 1 0 0 0 0 20 20 -0.13496026115314205 -0.13496026115314205 0.0451258232423033 0.0451258232423033
ENSG00000101104 44909956 0.09472313075314659 4 0 0 0 0 3 5 20 0.09472313075314659 0.156044199611045 -0.36701367270931246 0.03050432190098783 -0.04947298673221223 0 0 0 0 1 4 4 20 -0.08741551935360298 -0.24865570190047825 -0.24865570190047825 0.024066362357216414
ENSG00000103037 58515417 -0.01195981938596225 0 0 0 0 1 1 20 20 -0.13108882405804959 -0.13108882405804959 -0.12387436031536653 -0.12387436031536653 -0.13499822396592873 9 7 0 0 0 0 1 20 -0.13499822396592873 -0.13499822396592873 -0.2908282778623366 -0.11590460397840131
ENSG00000104979 13774495 0.018951852249405734 0 0 0 0 15 20 20 20 0.053584977900937546 0.027619539504395482 0.027619539504395482 0.027619539504395482 -0.0076290618719106655 0 0 0 0 20 20 20 20 0.014614374956353461 0.014614374956353461 0.014614374956353461 0.014614374956353461
ENSG00000105136 57488478 0.05951623990164543 1 0 0 0 0 20 20 20 0.05951623990164543 -0.05527250066746812 -0.05527250066746812 -0.05527250066746812 -0.09315224095166678 1 0 0 0 0 2 20 20 -0.09315224095166678 -0.17546238834503178 -0.07769494763943967 -0.07769494763943967
ENSG00000105248 4247008 0.0025379845746029256 0 0 0 0 1 19 20 20 -0.06936167785594442 -0.11164658425706382 -0.08916127007378322 -0.08916127007378322 0.03861603746512381 0 0 0 0 3 20 20 20 -0.0541832444592567 -0.0683679170751566 -0.0683679170751566 -0.0683679170751566
ENSG00000105497 51571284 -0.06518213564193527 1 0 0 0 0 4 4 15 -0.06518213564193527 0.31558404667189666 0.31558404667189666 0.5121082423291516 0.19955035950412267 7 7 0 0 0 0 1 4 0.19955035950412267 0.19955035950412267 0.2104162472259056 0.5369961214746727
ENSG00000106733 75087715 0.018528815090304948 0 0 0 0 20 20 20 20 0.009802965154594516 0.009802965154594516 0.009802965154594516 0.009802965154594516 -0.0065406314664012135 0 0 0 0 20 20 20 20 0.007546977468696282 0.007546977468696282 0.007546977468696282 0.007546977468696282
ENSG00000109771 185395479 -0.041943028274499104 0 0 0 0 2 17 20 20 -0.06519223187285424 0.1138540305878839 0.08660517912358216 0.08660517912358216 0.0014155053888194786 0 0 0 0 3 17 20 20 0.062254256389164854 0.12045269543951381 0.0936525063078838 0.0936525063078838
ENSG00000109854 20364060 -0.2018145575870617 8 3 1 0 0 0 0 20 -0.2018145575870617 -0.2018145575870617 -0.2018145575870617 -0.2323282522769592 0.06544748449379043 1 0 0 0 0 7 20 20 0.06544748449379043 -0.1227904990200203 -0.2843736937605255 -0.2843736937605255
ENSG00000110074 126269205 0.11434334826097296 1 1 0 0 0 0 8 20 0.11434334826097296 0.11434334826097296 0.20742476193782333 -0.034904037853791925 -0.07068131634588559 7 0 0 0 0 1 2 20 -0.07068131634588559 -0.16982338349536893 -0.28704013023965264 -0.1321652884157124
ENSG00000111906 125302039 0.06144246212500657 1 0 0 0 0 1 1 20 0.06144246212500657 -0.23638817517347263 -0.23638817517347263 -0.1982879221519608 -0.043723578762276734 0 0 0 0 1 2 10 20 -0.0665390807485297 -0.19539120783025796 0.2699565582011539 -0.09133560848150905
ENSG00000112110 159790392 0.05165983103516806 1 0 0 0 0 5 6 20 0.05165983103516806 -0.14578483999097747 -0.20998931146143737 0.02700999073243879 -0.05866830384506513 1 0 0 0 0 5 6 20 -0.05866830384506513 -0.178140162417712 -0.27252984500656274 0.034592432153477244
ENSG00000112149 14117907 0.032157312206324465 0 0 0 0 20 20 20 20 0.006029851335349008 0.006029851335349008 0.006029851335349008 0.006029851335349008 -0.03232785460464679 0 0 0 0 2 20 20 20 -0.06471465461760259 -0.014087316435640596 -0.014087316435640596 -0.014087316435640596
ENSG00000112852 141098348 0.009494110004235994 0 0 0 0 20 20 20 20 -0.0051871213502725265 -0.0051871213502725265 -0.0051871213502725265 -0.0051871213502725265 -0.019402129763329917 0 0 0 0 20 20 20 20 -0.0020272826529720766 -0.0020272826529720766 -0.0020272826529720766 -0.0020272826529720766
ENSG00000114331 195443027 0.38670024881847825 2 2 1 0 0 0 0 7 0.38670024881847825 0.38670024881847825 0.38670024881847825 0.5076303879314014 -0.07397704459129967 2 0 0 0 0 1 7 20 -0.07397704459129967 -0.15147813794652623 -0.25565159374472546 -0.016574164217471505
ENSG00000116132 170663243 -0.10838772106253876 3 3 0 0 0 0 15 20 -0.10838772106253876 -0.10838772106253876 -0.2256145508041784 -0.3737751847192308 0.059792844841274694 1 0 0 0 0 6 15 20 0.059792844841274694 -0.12476931867070011 -0.2513266805910111 -0.47194221985173607
ENSG00000119285 236604526 -0.03258149974924472 0 0 0 0 1 1 4 20 -0.10287136747775782 -0.10287136747775782 -0.27268443509791956 0.24152103594086305 0.09821927633527698 1 0 0 0 0 3 12 20 0.09821927633527698 -0.12427134499672003 -0.2643892709490571 0.23858954444044186
ENSG00000119328 108933763 0.011828824672258938 0 0 0 0 20 20 20 20 -0.014436685660300182 -0.014436685660300182 -0.014436685660300182 -0.014436685660300182 -0.018242033836727713 0 0 0 0 20 20 20 20 -0.018209051403995948 -0.018209051403995948 -0.018209051403995948 -0.018209051403995948
ENSG00000119392 128504933 0.32433295019273595 7 6 4 0 0 0 0 20 0.32433295019273595 0.32433295019273595 0.32433295019273595 -0.08296324282903719 -0.17245191230742876 1 1 0 0 0 0 20 20 -0.17245191230742876 -0.17245191230742876 -0.11065953143323977 -0.11065953143323977
ENSG00000119673 73566566 0.023844334686294783 0 0 0 0 20 20 20 20 0.004527668327346502 0.004527668327346502 0.004527668327346502 0.004527668327346502 -0.026441372625972414 0 0 0 0 20 20 20 20 -0.005644607151196349 -0.005644607151196349 -0.005644607151196349 -0.005644607151196349
ENSG00000119943 98415325 -0.007638824417520733 0 0 0 0 1 12 20 20 -0.06599612087349598 -0.10810549676933683 -0.07979634655868056 -0.07979634655868056 0.09058325634499005 3 0 0 0 0 2 20 20 0.09058325634499005 0.10336195994328357 -0.028734991862877063 -0.028734991862877063
ENSG00000119979 119104427 -0.12691177440089066 2 1 0 0 0 0 4 20 -0.12691177440089066 -0.12691177440089066 0.23264092200008823 0.05559949422511575 0.10192601565660799 11 2 0 0 0 0 3 20 0.10192601565660799 0.10192601565660799 0.2683801375839971 0.0821890685644706
ENSG00000120451 130916554 -0.04595252849427698 0 0 0 0 3 20 20 20 -0.059704661215092936 0.024483575372472855 0.024483575372472855 0.024483575372472855 0.02521922612848873 0 0 0 0 20 20 20 20 0.024016136640915637 0.024016136640915637 0.024016136640915637 0.024016136640915637
ENSG00000120539 27154946 0.05516289840286099 2 0 0 0 0 2 8 20 0.05516289840286099 -0.10586944656825348 -0.3168517582680907 -0.1624398816648918 -0.01186785179018581 0 0 0 0 2 8 20 20 -0.09172110506751567 -0.15718905029837527 -0.05704830078314723 -0.05704830078314723
ENSG00000120675 43023570 -0.0812376580008498 1 0 0 0 0 5 20 20 -0.0812376580008498 -0.10045812437500805 0.08109614453336665 0.08109614453336665 0.0005083895687649544 0 0 0 0 2 2 2 20 0.2028860949504858 0.2028860949504858 0.2028860949504858 0.059877210261808776
ENSG00000122085 241102313 0.24432481354945837 12 10 2 0 0 0 0 5 0.24432481354945837 0.24432481354945837 0.24432481354945837 0.5532610212375252 -0.07044196223891197 2 0 0 0 0 1 3 5 -0.07044196223891197 -0.17044952925335388 0.4677954113346736 0.5174002158235494
ENSG00000122335 158192571 -0.008038703215779302 0 0 0 0 20 20 20 20 0.003412834044101277 0.003412834044101277 0.003412834044101277 0.003412834044101277 0.023556281242691022 0 0 0 0 20 20 20 20 0.007846096637287818 0.007846096637287818 0.007846096637287818 0.007846096637287818
ENSG00000122971 120725715 -0.06935433075740376 1 0 0 0 0 10 20 20 -0.06935433075740376 -0.1012154514763427 0.02818941516571762 0.02818941516571762 0.02475937227482669 0 0 0 0 1 3 20 20 0.09538217811133061 0.15419364273891958 0.06533403515613817 0.06533403515613817
ENSG00000123297 57782831 -0.05428552775061519 2 0 0 0 0 1 5 20 -0.05428552775061519 -0.12416658596769954 -0.2411630990442087 0.04588603946701305 0.04528219275961586 0 0 0 0 1 3 7 20 -0.06746433651736265 -0.16345557588603218 0.23482659187510665 0.12911130899549567
ENSG00000123545 96897178 0.015973349496072976 0 0 0 0 20 20 20 20 -0.003144446237048414 -0.003144446237048414 -0.003144446237048414 -0.003144446237048414 -0.01280646405394005 0 0 0 0 20 20 20 20 -0.01175651546875228 -0.01175651546875228 -0.01175651546875228 -0.01175651546875228
ENSG00000124380 69893476 -0.041135740731836325 0 0 0 0 2 20 20 20 -0.07781470221815191 -0.05973925811383265 -0.05973925811383265 -0.05973925811383265 0.04624886994972211 0 0 0 0 1 20 20 20 -0.05272320755211659 -0.04814637787904755 -0.04814637787904755 -0.04814637787904755
ENSG00000124508 26390777 0.08926155891373312 6 0 0 0 0 3 20 20 0.08926155891373312 0.10952391421775139 0.01609889764442488 0.01609889764442488 -0.05051829837960778 1 0 0 0 0 20 20 20 -0.05051829837960778 -0.015012560242409455 -0.015012560242409455 -0.015012560242409455
ENSG00000124523 13574259 -0.03191699186723138 0 0 0 0 3 20 20 20 -0.061056703579634254 -0.05218348561955826 -0.05218348561955826 -0.05218348561955826 0.09821274693717041 3 0 0 0 0 20 20 20 0.09821274693717041 0.0129799335302696 0.0129799335302696 0.0129799335302696
ENSG00000124587 42979205 -0.03666377565470348 0 0 0 0 1 1 1 20 -0.22929470553806128 -0.22929470553806128 -0.22929470553806128 -0.049923070707993435 0.08783970471885472 2 0 0 0 0 1 20 20 0.08783970471885472 -0.1311147454931961 0.08826946376831905 0.08826946376831905
ENSG00000125375 50312511 0.14965503346321854 4 4 0 0 0 0 20 20 0.14965503346321854 0.14965503346321854 -0.03880318699620037 -0.03880318699620037 -0.07115887861190864 1 0 0 0 0 20 20 20 -0.07115887861190864 -0.030533026065664878 -0.030533026065664878 -0.030533026065664878
ENSG00000125630 112541009 0.011092834882989115 0 0 0 0 20 20 20 20 0.0016846307372172839 0.0016846307372172839 0.0016846307372172839 0.0016846307372172839 0.0008421051090495239 0 0 0 0 20 20 20 20 0.0016013523770244207 0.0016013523770244207 0.0016013523770244207 0.0016013523770244207
ENSG00000125734 6737470 -0.5880514865089117 7 7 2 1 0 0 0 0 -0.5880514865089117 -0.5880514865089117 -0.5880514865089117 -0.5880514865089117 0.06737138417569966 2 0 0 0 0 1 2 13 0.06737138417569966 0.1400952106531236 0.4747436153032463 0.7052671986391627
ENSG00000125885 5950624 -0.04305046705783005 0 0 0 0 1 4 8 20 -0.0690255459660904 -0.12865907860766027 -0.34078188276543475 -0.05501636127130488 0.022190837481694158 0 0 0 0 1 8 8 20 -0.05565895439932622 -0.23843268245866697 -0.23843268245866697 -0.041645819095293385
ENSG00000125895 1185393 0.07220580330943403 1 0 0 0 0 1 1 3 0.07220580330943403 -0.20239608135385947 -0.20239608135385947 -0.5146545555888307 -0.05623158279714232 6 0 0 0 0 1 1 2 -0.05623158279714232 -0.3316825707790248 -0.3316825707790248 -0.9430444364853742
ENSG00000126790 59484560 0.04252371644101973 0 0 0 0 2 10 20 20 0.059747973730826666 -0.13999912910639756 -0.032717613544741765 -0.032717613544741765 -0.13638506978184115 2 2 0 0 0 0 20 20 -0.13638506978184115 -0.13638506978184115 -0.04068847718288587 -0.04068847718288587
ENSG00000127311 66302475 0.11275151861186929 2 1 0 0 0 0 4 20 0.11275151861186929 0.11275151861186929 0.236194953277704 -0.027348656575443313 0.6167938260765199 9 5 5 2 0 0 0 0 0.6167938260765199 0.6167938260765199 0.6167938260765199 0.6167938260765199
ENSG00000127364 141779000 -0.1119049252656955 3 1 0 0 0 0 2 20 -0.1119049252656955 -0.1119049252656955 0.20819606169461327 -0.24433111256603865 0.12953345280278353 6 3 0 0 0 0 2 20 0.12953345280278353 0.12953345280278353 0.27058609417464324 -0.22719720870987337
ENSG00000127720 82358854 0.004517758739309789 0 0 0 0 20 20 20 20 0.008552464722421218 0.008552464722421218 0.008552464722421218 0.008552464722421218 -0.008959533423993707 0 0 0 0 20 20 20 20 -0.002257873872305149 -0.002257873872305149 -0.002257873872305149 -0.002257873872305149
ENSG00000128463 34224794 0.17826268600673953 9 7 0 0 0 0 20 20 0.17826268600673953 0.17826268600673953 0.020541791022324715 0.020541791022324715 -0.05435153998178868 1 0 0 0 0 20 20 20 -0.05435153998178868 -0.018542561384038838 -0.018542561384038838 -0.018542561384038838
ENSG00000128944 40382954 -0.23158993492882296 3 3 3 0 0 0 0 8 -0.23158993492882296 -0.23158993492882296 -0.23158993492882296 -0.7384988631579961 0.20160787049915221 1 1 1 0 0 0 0 20 0.20160787049915221 0.20160787049915221 0.20160787049915221 0.33914509588266717
ENSG00000129055 134486385 0.02824711371008096 0 0 0 0 2 20 20 20 0.0509122599836749 0.017665530368379086 0.017665530368379086 0.017665530368379086 -0.004451905324712444 0 0 0 0 20 20 20 20 0.0087151696840638 0.0087151696840638 0.0087151696840638 0.0087151696840638
ENSG00000130348 106629627 0.18803285486698904 6 2 0 0 0 0 4 20 0.18803285486698904 0.18803285486698904 0.20620640410039445 -0.146746724597122 -0.04786255492634326 0 0 0 0 1 4 20 20 0.056953611955124155 0.14868323133887296 -0.07297179799892456 -0.07297179799892456
ENSG00000130363 159000151 -0.012927871028445101 0 0 0 0 20 20 20 20 -0.025858868681526034 -0.025858868681526034 -0.025858868681526034 -0.025858868681526034 0.024623434256031893 0 0 0 0 20 20 20 20 -0.02875605746518717 -0.02875605746518717 -0.02875605746518717 -0.02875605746518717
ENSG00000130517 18340571 0.196561408783228 1 1 0 0 0 0 5 20 0.196561408783228 0.196561408783228 -0.21416016305976202 -0.058706836549213916 -0.28794872818378586 14 11 7 0 0 0 0 4 -0.28794872818378586 -0.28794872818378586 -0.28794872818378586 -0.5522194277520129
ENSG00000131849 58439756 0.33272108886428087 8 8 6 0 0 0 0 20 0.33272108886428087 0.33272108886428087 0.33272108886428087 0.045644378333250545 0.0949631461533245 8 0 0 0 0 1 1 20 0.0949631461533245 0.27175704064480044 0.27175704064480044 0.047726645146868196
ENSG00000132305 86195670 0.036973918123113035 0 0 0 0 20 20 20 20 0.0055844322116374535 0.0055844322116374535 0.0055844322116374535 0.0055844322116374535 -0.016276619436284345 0 0 0 0 20 20 20 20 0.0016851162065928346 0.0016851162065928346 0.0016851162065928346 0.0016851162065928346
ENSG00000133028 10700104 0.007459644559729236 0 0 0 0 20 20 20 20 -0.012198726377959691 -0.012198726377959691 -0.012198726377959691 -0.012198726377959691 -0.006675704500165136 0 0 0 0 20 20 20 20 -0.020091080378649467 -0.020091080378649467 -0.020091080378649467 -0.020091080378649467
ENSG00000133433 23997244 0.003851880379462364 0 0 0 0 20 20 20 20 0.006293073796473067 0.006293073796473067 0.006293073796473067 0.006293073796473067 -0.004197093737295331 0 0 0 0 20 20 20 20 0.006027386500462827 0.006027386500462827 0.006027386500462827 0.006027386500462827
ENSG00000133466 37199625 -0.07927403562430434 4 0 0 0 0 20 20 20 -0.07927403562430434 0.014391446620829966 0.014391446620829966 0.014391446620829966 0.03324259905584362 0 0 0 0 16 20 20 20 -0.06699348887458918 0.010009590320875684 0.010009590320875684 0.010009590320875684
ENSG00000133597 140673089 0.11414313429912414 2 1 0 0 0 0 5 20 0.11414313429912414 0.11414313429912414 -0.3198866922466958 -0.03534776560804078 -0.044208986194789364 0 0 0 0 5 5 5 20 -0.20206628821123607 -0.20206628821123607 -0.20206628821123607 -0.019977713869572603
ENSG00000133704 30695741 0.21745097031446448 6 6 6 0 0 0 0 20 0.21745097031446448 0.21745097031446448 0.21745097031446448 0.01519009459272841 0.012562308465034996 0 0 0 0 2 2 2 20 0.2024472935435638 0.2024472935435638 0.2024472935435638 0.03117143558381623
ENSG00000134014 28090017 0.021959461018115856 0 0 0 0 1 1 20 20 0.11758671534961573 0.11758671534961573 0.12245916251671285 0.12245916251671285 0.42024245511175584 11 10 10 0 0 0 0 20 0.42024245511175584 0.42024245511175584 0.42024245511175584 0.13529956714989752
ENSG00000134108 5122339 0.009674624785958078 0 0 0 0 1 1 6 20 0.1950574735093531 0.1950574735093531 0.33630286783945956 -0.18665643035536075 0.2736938416136777 9 8 2 0 0 0 0 20 0.2736938416136777 0.2736938416136777 0.2736938416136777 -0.24268925633683455
ENSG00000134202 109741163 0.020481965328141827 0 0 0 0 2 2 20 20 -0.122230816410059 -0.122230816410059 0.13388474779713003 0.13388474779713003 -0.01484736027353592 0 0 0 0 3 7 20 20 -0.09966142598076848 -0.104779656213338 0.11431532384327141 0.11431532384327141
ENSG00000134265 10526266 0.09456769645150502 4 0 0 0 0 20 20 20 0.09456769645150502 0.02312820818359172 0.02312820818359172 0.02312820818359172 -0.00762473383265435 0 0 0 0 3 20 20 20 -0.05177735601634623 0.05462028806804673 0.05462028806804673 0.05462028806804673
ENSG00000135698 82170153 0.09443208755310473 3 0 0 0 0 1 16 20 0.09443208755310473 0.12664431747183644 0.26982763106494084 0.6059050781963843 -0.2785677269035422 3 3 1 0 0 0 0 20 -0.2785677269035422 -0.2785677269035422 -0.2785677269035422 0.7156677902858556
ENSG00000135828 182589381 -0.023310334500266473 0 0 0 0 4 9 20 20 0.07706179293645819 0.11395091550053933 -0.08621421046626028 -0.08621421046626028 0.03187934992494735 0 0 0 0 4 9 20 20 0.06059524365381677 0.13537194370760933 -0.12609298792996412 -0.12609298792996412
ENSG00000136059 37987184 -0.017902645840445874 0 0 0 0 20 20 20 20 -0.005681956798327043 -0.005681956798327043 -0.005681956798327043 -0.005681956798327043 0.025546230834707157 0 0 0 0 20 20 20 20 -0.006774579335529104 -0.006774579335529104 -0.006774579335529104 -0.006774579335529104
ENSG00000136104 50909867 -0.0015666326161896948 0 0 0 0 4 6 9 20 -0.0656034517938145 -0.10346572748364032 0.23467308657260774 -0.05566744926468419 0.27945947314659597 4 4 2 0 0 0 0 20 0.27945947314659597 0.27945947314659597 0.27945947314659597 -0.09523199185386079
ENSG00000136425 78131254 -0.04936994939385007 0 0 0 0 20 20 20 20 -0.045691855451534084 -0.045691855451534084 -0.045691855451534084 -0.045691855451534084 0.0620294389637788 2 0 0 0 0 20 20 20 0.0620294389637788 -0.07350925971866616 -0.07350925971866616 -0.07350925971866616
ENSG00000137185 28225193 -0.08624826167545747 3 0 0 0 0 1 20 20 -0.08624826167545747 -0.12336722486776393 0.03355702423773138 0.03355702423773138 0.12616443209126604 7 1 0 0 0 0 20 20 0.12616443209126604 0.12616443209126604 0.04293382701718374 0.04293382701718374
ENSG00000137563 63039122 0.048495793030806145 0 0 0 0 1 2 20 20 -0.08546354192965189 -0.1294266545522986 -0.014043062585987172 -0.014043062585987172 -0.05000702675406197 3 0 0 0 0 1 20 20 -0.05000702675406197 -0.15531981539503295 -0.015463049431363257 -0.015463049431363257
ENSG00000138031 24919937 0.2525635644640092 4 3 2 0 0 0 0 20 0.2525635644640092 0.2525635644640092 0.2525635644640092 -0.24333124781015714 -0.09437340830763018 3 0 0 0 0 2 4 20 -0.09437340830763018 0.11203920086654619 -0.2574939015434439 -0.20132825350762526
ENSG00000138073 27133410 -0.021548515891630537 0 0 0 0 20 20 20 20 0.005676164130482043 0.005676164130482043 0.005676164130482043 0.005676164130482043 0.013618317017862697 0 0 0 0 20 20 20 20 -0.014710351320256346 -0.014710351320256346 -0.014710351320256346 -0.014710351320256346
ENSG00000138381 189661498 -0.25050031593917893 5 5 2 0 0 0 0 20 -0.25050031593917893 -0.25050031593917893 -0.25050031593917893 0.06860884569381807 0.1888125477336791 1 1 0 0 0 0 6 20 0.1888125477336791 0.1888125477336791 -0.38842250715781623 0.028402753331564435
ENSG00000142082 252818 0.24577341480348228 5 5 1 0 0 0 0 20 0.24577341480348228 0.24577341480348228 0.24577341480348228 -0.02362259932663513 -0.01750347692513546 0 0 0 0 1 1 20 20 0.14077924770815362 0.14077924770815362 0.03972134976028158 0.03972134976028158
ENSG00000142102 289133 0.15522965274555525 3 2 0 0 0 0 1 20 0.15522965274555525 0.15522965274555525 0.2516999827441273 -0.0865367587188739 -0.15251597507965076 5 4 0 0 0 0 2 20 -0.15251597507965076 -0.15251597507965076 -0.22188596423969784 -0.08959748100534876
ENSG00000143891 38665997 -0.07718463027216677 4 0 0 0 0 1 20 20 -0.07718463027216677 -0.14410810431812976 -0.0735631362629044 -0.0735631362629044 0.11382438949919847 1 1 0 0 0 0 20 20 0.11382438949919847 0.11382438949919847 -0.01794309971379593 -0.01794309971379593
ENSG00000148468 15371072 -0.3269339666085888 22 12 5 0 0 0 0 16 -0.3269339666085888 -0.3269339666085888 -0.3269339666085888 -0.5118908453813398 0.1449718743050224 2 1 0 0 0 0 3 20 0.1449718743050224 0.1449718743050224 -0.3001203375048837 0.04079396487713876
ENSG00000148690 93704993 0.004678861309281998 0 0 0 0 20 20 20 20 -0.0023363945952658625 -0.0023363945952658625 -0.0023363945952658625 -0.0023363945952658625 -0.015636489281143407 0 0 0 0 20 20 20 20 -0.004202493799583256 -0.004202493799583256 -0.004202493799583256 -0.004202493799583256
ENSG00000149600 32743524 -0.0020326948211559065 0 0 0 0 20 20 20 20 0.016135368578713765 0.016135368578713765 0.016135368578713765 0.016135368578713765 -0.040410568786721966 0 0 0 0 1 20 20 20 -0.058295249454139414 0.007124351989932815 0.007124351989932815 0.007124351989932815
ENSG00000150403 113490884 0.08813875667014759 1 0 0 0 0 4 20 20 0.08813875667014759 -0.10143659953822308 -0.06980774721428042 -0.06980774721428042 -0.0016609096649401096 0 0 0 0 3 20 20 20 -0.06772380819525874 -0.04821801295113535 -0.04821801295113535 -0.04821801295113535
ENSG00000151348 44096348 -0.06499378344295208 1 0 0 0 0 20 20 20 -0.06499378344295208 -0.06376823795104863 -0.06376823795104863 -0.06376823795104863 0.1936921099843549 6 6 0 0 0 0 1 20 0.1936921099843549 0.1936921099843549 0.20125070041625748 -0.10181899780237617
ENSG00000151689 190344069 0.0434555281270359 0 0 0 0 8 10 20 20 0.05249419790784904 0.16050130667103946 0.028304976577423025 0.028304976577423025 -0.059755972350870344 2 0 0 0 0 10 20 20 -0.059755972350870344 0.17430627881656524 0.021106652130043684 0.021106652130043684
ENSG00000152240 46104691 -0.15776788517781168 4 1 0 0 0 0 20 20 -0.15776788517781168 -0.15776788517781168 -0.04935989731457816 -0.04935989731457816 0.21287556652713535 5 5 1 0 0 0 0 20 0.21287556652713535 0.21287556652713535 0.21287556652713535 -0.051682547744020486
ENSG00000152348 81972475 0.17501257255261918 6 4 0 0 0 0 20 20 0.17501257255261918 0.17501257255261918 -0.013315703218116808 -0.013315703218116808 -0.08684886735714385 2 0 0 0 0 20 20 20 -0.08684886735714385 0.01246830460911777 0.01246830460911777 0.01246830460911777
ENSG00000152749 94601777 0.156932409783542 2 1 0 0 0 0 2 20 0.156932409783542 0.156932409783542 -0.2619297108363337 -0.09631057558387494 -0.17281176886653118 7 3 0 0 0 0 2 20 -0.17281176886653118 -0.17281176886653118 -0.39342476573381013 -0.18722827428425293
ENSG00000154065 23662340 -0.015322696265492859 0 0 0 0 20 20 20 20 0.012497082759295647 0.012497082759295647 0.012497082759295647 0.012497082759295647 0.04876902523676598 0 0 0 0 4 20 20 20 -0.08077377589538422 0.016807655566294825 0.016807655566294825 0.016807655566294825
ENSG00000154548 89117612 -0.023330579680754453 0 0 0 0 1 14 20 20 0.056662508591161065 0.1055331203091523 -0.06600110135173794 -0.06600110135173794 0.07672247690366385 2 0 0 0 0 7 20 20 0.07672247690366385 -0.12160515594805077 -0.0681378461321892 -0.0681378461321892
ENSG00000154803 17237369 0.2534384478204598 3 1 1 0 0 0 0 20 0.2534384478204598 0.2534384478204598 0.2534384478204598 0.30600799653486943 -0.2184581412434472 9 9 2 0 0 0 0 20 -0.2184581412434472 -0.2184581412434472 -0.2184581412434472 0.28414284389400263
ENSG00000154978 55573294 0.03216701300894566 0 0 0 0 4 20 20 20 -0.08628009730058676 0.06000602902915227 0.06000602902915227 0.06000602902915227 -0.018142015405424896 0 0 0 0 2 20 20 20 -0.06742107188354182 0.06261136952365359 0.06261136952365359 0.06261136952365359
ENSG00000155093 158587744 0.09363488625369494 1 0 0 0 0 2 7 20 0.09363488625369494 0.13113824456132517 0.31404485191099657 0.0883455010676054 -0.16265947806427228 2 2 0 0 0 0 6 20 -0.16265947806427228 -0.16265947806427228 0.20015675615289788 0.04265435770917453
ENSG00000155660 149028509 0.006486041046308048 0 0 0 0 1 1 2 6 -0.1556679345184444 -0.1556679345184444 0.23278244308430898 -0.5921917790980634 -0.2521002727611641 4 1 1 0 0 0 0 6 -0.2521002727611641 -0.2521002727611641 -0.2521002727611641 -0.6490047324219272
ENSG00000156171 111139496 -0.2327801643031683 7 4 2 0 0 0 0 20 -0.2327801643031683 -0.2327801643031683 -0.2327801643031683 -0.11133136129450842 0.05330227863555879 1 0 0 0 0 18 20 20 0.05330227863555879 -0.10375363735566434 -0.09839113310915217 -0.09839113310915217
ENSG00000156253 29018988 0.015337396678356105 0 0 0 0 12 20 20 20 -0.05205949320865877 -0.009045915057820295 -0.009045915057820295 -0.009045915057820295 -0.03077971533364403 0 0 0 0 20 20 20 20 0.013545619071666425 0.013545619071666425 0.013545619071666425 0.013545619071666425
ENSG00000157379 24299746 -0.07506723964610447 3 0 0 0 0 1 20 20 -0.07506723964610447 0.14719902082233374 0.033642990900256166 0.033642990900256166 0.05866290194254387 2 0 0 0 0 3 6 20 0.05866290194254387 0.1630959178251785 0.20008470083347615 0.022935418890046484
ENSG00000157637 81285617 0.005779720413398596 0 0 0 0 20 20 20 20 0.0025520290789283516 0.0025520290789283516 0.0025520290789283516 0.0025520290789283516 -0.0020680920529177966 0 0 0 0 20 20 20 20 -0.0019355282896770232 -0.0019355282896770232 -0.0019355282896770232 -0.0019355282896770232
ENSG00000159063 78139778 0.21213116434358573 7 7 1 0 0 0 0 20 0.21213116434358573 0.21213116434358573 0.21213116434358573 0.13648582846992877 -0.08297234588182249 1 0 0 0 0 12 20 20 -0.08297234588182249 0.1377765878336907 0.04967622033341656 0.04967622033341656
ENSG00000160282 46153782 0.04318223386575318 0 0 0 0 1 1 14 20 0.1378171974709356 0.1378171974709356 0.2327554195234247 0.04399013743886959 -0.021473454208075837 0 0 0 0 1 3 20 20 0.07738683094335082 -0.10750579890018937 0.043264613023378494 0.043264613023378494
ENSG00000160336 53432568 0.13245184383350908 7 5 0 0 0 0 1 20 0.13245184383350908 0.13245184383350908 0.20140230943858525 -0.04730156355086509 -0.020699611664558606 0 0 0 0 1 7 12 20 0.08260501929208078 -0.1641216394722753 0.24598653801642653 -0.04225499525004111
ENSG00000160352 21082953 0.16982064904749172 4 2 0 0 0 0 20 20 0.16982064904749172 0.16982064904749172 -0.033192597832299324 -0.033192597832299324 -0.036466982846004185 0 0 0 0 20 20 20 20 -0.02549338570665742 -0.02549338570665742 -0.02549338570665742 -0.02549338570665742
ENSG00000160999 102285033 0.25138677023874323 2 2 2 0 0 0 0 20 0.25138677023874323 0.25138677023874323 0.25138677023874323 0.25683787088952886 -0.12704206828669276 4 4 0 0 0 0 2 20 -0.12704206828669276 -0.12704206828669276 -0.2246645301949056 0.17434610046746077
ENSG00000163597 76559024 0.03632082827483023 0 0 0 0 20 20 20 20 -0.018460811536059264 -0.018460811536059264 -0.018460811536059264 -0.018460811536059264 -0.011008244624233358 0 0 0 0 20 20 20 20 -0.045060822802745544 -0.045060822802745544 -0.045060822802745544 -0.045060822802745544
ENSG00000164347 74766533 -0.0475871684278131 0 0 0 0 4 20 20 20 -0.0506759250014252 0.010357511572094635 0.010357511572094635 0.010357511572094635 0.01300726174270621 0 0 0 0 20 20 20 20 -0.00015280733891746425 -0.00015280733891746425 -0.00015280733891746425 -0.00015280733891746425
ENSG00000164414 87472986 -0.005310918346106204 0 0 0 0 20 20 20 20 0.001733105121567612 0.001733105121567612 0.001733105121567612 0.001733105121567612 0.0031033225613152134 0 0 0 0 20 20 20 20 0.004764544499826338 0.004764544499826338 0.004764544499826338 0.004764544499826338
ENSG00000164597 107564494 -0.06398660422747088 2 0 0 0 0 1 1 20 -0.06398660422747088 -0.31318253653386025 -0.31318253653386025 0.2949167710314684 0.14309350772499183 8 8 0 0 0 0 1 20 0.14309350772499183 0.14309350772499183 0.309973919019759 0.3462884491956138
ENSG00000164880 1504345 -0.37314834115361867 13 13 13 0 0 0 0 2 -0.37314834115361867 -0.37314834115361867 -0.37314834115361867 -0.5303615283439761 0.1205597239372374 1 1 0 0 0 0 3 20 0.1205597239372374 0.1205597239372374 -0.20428866994634434 -0.1949450694679442
ENSG00000164904 126595258 -0.8311758323821096 10 10 7 2 0 0 0 0 -0.8311758323821096 -0.8311758323821096 -0.8311758323821096 -0.8311758323821096 0.10887555475728743 1 1 0 0 0 0 1 20 0.10887555475728743 0.10887555475728743 -0.21457881675739454 -0.5064298458475284
ENSG00000166913 44885696 -0.056345318470620305 1 0 0 0 0 4 6 8 -0.056345318470620305 -0.15196645674387155 -0.2569675791062831 -0.505431926799285 0.051689949761901284 1 0 0 0 0 2 3 8 0.051689949761901284 -0.18547865054871215 -0.2825528902049747 -0.5406797698187841
ENSG00000167528 48351268 0.2704536884640062 7 7 5 0 0 0 0 20 0.2704536884640062 0.2704536884640062 0.2704536884640062 0.08693680224110584 -0.09005103697010229 1 0 0 0 0 7 20 20 -0.09005103697010229 -0.10638766827649289 0.03313852771436822 0.03313852771436822
ENSG00000168393 241687007 0.038368321981675765 0 0 0 0 1 1 8 20 0.12621178763087787 0.12621178763087787 0.22062534015061688 -0.02848813723967744 -0.07888953552780975 1 0 0 0 0 6 20 20 -0.07888953552780975 0.13582723420600562 -0.030151444125317655 -0.030151444125317655
ENSG00000169715 56625613 -0.3660687792189696 8 7 1 0 0 0 0 20 -0.3660687792189696 -0.3660687792189696 -0.3660687792189696 0.06221294238335643 0.26436269448295935 5 4 2 0 0 0 0 20 0.26436269448295935 0.26436269448295935 0.26436269448295935 0.2856162553533706
ENSG00000169826 43138148 0.027483288341268623 0 0 0 0 20 20 20 20 0.01371534646581276 0.01371534646581276 0.01371534646581276 0.01371534646581276 -0.01343123032438247 0 0 0 0 20 20 20 20 -0.01008738463774435 -0.01008738463774435 -0.01008738463774435 -0.01008738463774435
ENSG00000169925 134068323 0.49797821863983766 6 2 2 0 0 0 0 1 0.49797821863983766 0.49797821863983766 0.49797821863983766 0.5043887424761379 -0.18234827283715435 4 1 0 0 0 0 20 20 -0.18234827283715435 -0.18234827283715435 0.02389466904305496 0.02389466904305496
ENSG00000169967 127389186 0.034027804710374594 0 0 0 0 20 20 20 20 -0.01008123547934952 -0.01008123547934952 -0.01008123547934952 -0.01008123547934952 -0.010886481560085688 0 0 0 0 20 20 20 20 -0.009466769216043336 -0.009466769216043336 -0.009466769216043336 -0.009466769216043336
ENSG00000170275 33113893 -0.11336542261348555 4 2 0 0 0 0 1 20 -0.11336542261348555 -0.11336542261348555 -0.22051755466861334 -0.04485383025707105 0.11889995822840131 2 1 0 0 0 0 6 20 0.11889995822840131 0.11889995822840131 0.26088415745719623 -0.03362271634508974
ENSG00000170889 54200892 0.5680431547188838 7 7 6 2 0 0 0 0 0.5680431547188838 0.5680431547188838 0.5680431547188838 0.5680431547188838 0.07572650175561542 2 0 0 0 0 1 1 20 0.07572650175561542 0.31317854467982426 0.31317854467982426 0.03610797275664191
ENSG00000171202 85648210 -0.025282482503113556 0 0 0 0 2 2 20 20 -0.12297448954585384 -0.12297448954585384 -0.050875713563391156 -0.050875713563391156 0.043854337765836006 0 0 0 0 3 17 20 20 -0.054975349152269724 0.11821892231663093 0.04887859483674809 0.04887859483674809
ENSG00000172175 58671560 0.00737778776151414 0 0 0 0 4 8 14 20 0.07251763812612083 0.12837487014350285 -0.27145265712676453 0.07882150649700394 -0.162420424256298 5 2 0 0 0 0 14 20 -0.162420424256298 -0.162420424256298 -0.2842113932759996 -0.004020411030610328
ENSG00000172785 178431 -0.03005462832609711 0 0 0 0 20 20 20 20 -0.017020357516126874 -0.017020357516126874 -0.017020357516126874 -0.017020357516126874 0.026010361829448617 0 0 0 0 20 20 20 20 -0.016189297761823897 -0.016189297761823897 -0.016189297761823897 -0.016189297761823897
ENSG00000172803 65833645 0.002910109731263686 0 0 0 0 7 8 8 20 -0.09718779581066522 -0.27815895128019813 -0.27815895128019813 0.042904651982585175 -0.04417004542094984 0 0 0 0 6 7 8 20 -0.07379267384157674 -0.10067604358061544 -0.26438725282894016 0.03355046911389147
ENSG00000173715 66718672 0.007316227700220842 0 0 0 0 20 20 20 20 -0.010026666095448373 -0.010026666095448373 -0.010026666095448373 -0.010026666095448373 -0.019555794981095297 0 0 0 0 20 20 20 20 -0.009386666131909116 -0.009386666131909116 -0.009386666131909116 -0.009386666131909116
ENSG00000174136 98769487 -0.04675804154817544 0 0 0 0 1 20 20 20 -0.08199149737649031 -0.06791552493691604 -0.06791552493691604 -0.06791552493691604 0.03673148217493676 0 0 0 0 20 20 20 20 -0.037448638049132656 -0.037448638049132656 -0.037448638049132656 -0.037448638049132656
ENSG00000174446 66497642 0.9114217783904869 9 7 5 4 0 0 0 0 0.9114217783904869 0.9114217783904869 0.9114217783904869 0.9114217783904869 -0.3313768048216543 1 1 1 0 0 0 0 20 -0.3313768048216543 -0.3313768048216543 -0.3313768048216543 0.035725431875911595
ENSG00000175264 45665522 0.06828530816322743 3 0 0 0 0 10 20 20 0.06828530816322743 0.1571177949163567 0.1752878792291311 0.1752878792291311 -0.0407721541819882 0 0 0 0 5 10 20 20 0.07447864618768014 0.1195901754876116 0.12762220745691039 0.12762220745691039
ENSG00000175701 110224953 -0.011920550800303182 0 0 0 0 20 20 20 20 -0.0015717028844330376 -0.0015717028844330376 -0.0015717028844330376 -0.0015717028844330376 0.033385782955432104 0 0 0 0 20 20 20 20 0.011969616154309385 0.011969616154309385 0.011969616154309385 0.011969616154309385
ENSG00000177600 805435 0.0548105095464797 1 0 0 0 0 20 20 20 0.0548105095464797 0.027534645796725116 0.027534645796725116 0.027534645796725116 0.006131164828733212 0 0 0 0 20 20 20 20 0.04418764721008719 0.04418764721008719 0.04418764721008719 0.04418764721008719
ENSG00000177697 833262 -0.011730368092718352 0 0 0 0 20 20 20 20 0.005693521926963624 0.005693521926963624 0.005693521926963624 0.005693521926963624 0.05743849522904177 2 0 0 0 0 20 20 20 0.05743849522904177 0.012246710391816506 0.012246710391816506 0.012246710391816506
ENSG00000177885 75404546 -0.04318203846532718 0 0 0 0 4 17 18 20 0.09092692129139611 0.16011458033738774 0.20651868551769456 0.36355663019291007 0.05022810706853792 3 0 0 0 0 3 18 20 0.05022810706853792 -0.10161755358958548 0.23782098412798003 0.36681296766957855
ENSG00000177932 179060451 -0.024719978988034488 0 0 0 0 1 1 20 20 -0.1004348124826147 -0.1004348124826147 -0.041470150486012526 -0.041470150486012526 0.047331557955234325 0 0 0 0 10 12 20 20 0.05706156084770425 -0.10950774816228419 -0.05712245786801693 -0.05712245786801693
ENSG00000178201 57477277 0.15469189241100126 4 3 0 0 0 0 20 20 0.15469189241100126 0.15469189241100126 0.006079427015739674 0.006079427015739674 -0.017884155718595016 0 0 0 0 20 20 20 20 0.00533601732337462 0.00533601732337462 0.00533601732337462 0.00533601732337462
ENSG00000178295 17753771 -0.05495720532046363 1 0 0 0 0 2 6 20 -0.05495720532046363 0.10304163510531456 -0.2536466904395461 0.048159464961418263 0.04740751806018858 0 0 0 0 1 4 11 20 0.059823938380500465 -0.10854780058498342 -0.4187997776406556 -0.04965447704910029
ENSG00000178922 43453742 -0.0039019746250933767 0 0 0 0 1 1 20 20 -0.10366445960666974 -0.10366445960666974 0.10714484128205093 0.10714484128205093 -0.029029052747900075 0 0 0 0 1 3 20 20 -0.06709043029665458 0.11633236736489246 0.11872149886777646 0.11872149886777646
ENSG00000179698 144107695 -0.0315783737396032 0 0 0 0 1 1 1 20 -0.2235474694414683 -0.2235474694414683 -0.2235474694414683 0.07103815017096153 0.058347496099478396 1 0 0 0 0 4 6 20 0.058347496099478396 0.11222712200022668 -0.2738724519241056 0.07968180882977871
ENSG00000180104 443033 -0.07653073840642123 3 0 0 0 0 1 20 20 -0.07653073840642123 -0.12477568481162983 0.028509464912737054 0.028509464912737054 0.08808160576918755 1 0 0 0 0 3 3 20 0.08808160576918755 -0.24579637832932233 -0.24579637832932233 0.022383990350432672
ENSG00000180113 46687866 0.028766118532712753 0 0 0 0 3 10 10 20 0.05115999328936923 -0.3461189601489621 -0.3461189601489621 0.04448913292003313 -0.022764672726781923 0 0 0 0 9 10 20 20 -0.06945801647637072 -0.19299139437257853 -0.027621254777858133 -0.027621254777858133
ENSG00000180914 8769210 0.15099537837993224 4 3 0 0 0 0 16 20 0.15099537837993224 0.15099537837993224 -0.3045647977375472 0.2498791775964119 -0.0658860386017968 1 0 0 0 0 16 16 20 -0.0658860386017968 -0.2659986251182917 -0.2659986251182917 0.15949273284369483
ENSG00000182093 39379885 0.049949493166488064 0 0 0 0 1 20 20 20 0.050281536212507555 -0.018653097961239755 -0.018653097961239755 -0.018653097961239755 0.001937898422235609 0 0 0 0 20 20 20 20 -0.013620218221407835 -0.013620218221407835 -0.013620218221407835 -0.013620218221407835
ENSG00000182118 231034726 -0.03570761215434371 0 0 0 0 20 20 20 20 -0.010074085384148095 -0.010074085384148095 -0.010074085384148095 -0.010074085384148095 0.06055452925603286 2 0 0 0 0 20 20 20 0.06055452925603286 -0.01823951889610329 -0.01823951889610329 -0.01823951889610329
ENSG00000182310 51693200 -0.011939996608814502 0 0 0 0 3 8 20 20 0.07112017164976743 0.11712276286998557 0.04864062595914703 0.04864062595914703 -0.13078997027564657 1 1 0 0 0 0 20 20 -0.13078997027564657 -0.13078997027564657 0.0608459743617514 0.0608459743617514
ENSG00000182362 46288604 -0.040357190212328586 0 0 0 0 20 20 20 20 0.006418060387091543 0.006418060387091543 0.006418060387091543 0.006418060387091543 0.009494971120575714 0 0 0 0 20 20 20 20 -0.004159836359782139 -0.004159836359782139 -0.004159836359782139 -0.004159836359782139
ENSG00000182551 3519553 -0.054757861251337435 9 0 0 0 0 1 5 20 -0.054757861251337435 -0.14685364440838056 -0.27401107528657637 -0.1901906998231114 0.20825422414350236 2 2 1 0 0 0 0 20 0.20825422414350236 0.20825422414350236 0.20825422414350236 -0.14996690818307373
ENSG00000183604 30335371 0.1621532595353198 1 1 0 0 0 0 5 10 0.1621532595353198 0.1621532595353198 0.3168151581345006 -0.6725721029949355 -0.21763070990727 5 5 4 0 0 0 0 1 -0.21763070990727 -0.21763070990727 -0.21763070990727 -0.5409633730746842
ENSG00000183891 19901726 0.08214118287591282 1 0 0 0 0 7 7 20 0.08214118287591282 -0.28597254440682557 -0.28597254440682557 0.12391248945226019 -0.1350243131381963 4 3 0 0 0 0 7 20 -0.1350243131381963 -0.1350243131381963 -0.2545868171783678 0.10066067609837519
ENSG00000184619 8376006 -0.026567897948579722 0 0 0 0 1 2 14 20 -0.096514632882421 0.15255719017743558 0.3174510694298272 0.04423642213879727 0.16342715564442742 1 1 0 0 0 0 14 20 0.16342715564442742 0.16342715564442742 0.3472722545210152 0.0343982794232155
ENSG00000184787 44800246 0.009237732982064017 0 0 0 0 20 20 20 20 0.0013928408628130693 0.0013928408628130693 0.0013928408628130693 0.0013928408628130693 -0.0039675815412409795 0 0 0 0 20 20 20 20 0.0037955889539150385 0.0037955889539150385 0.0037955889539150385 0.0037955889539150385
ENSG00000185324 89680851 -0.09266843639997994 10 0 0 0 0 1 11 20 -0.09266843639997994 -0.10189339723636696 -0.23012113654520783 -0.16452755951045847 0.13958969009316538 1 1 0 0 0 0 20 20 0.13958969009316538 0.13958969009316538 -0.09993166157304277 -0.09993166157304277
ENSG00000186088 77416565 -0.05103551240578552 1 0 0 0 0 18 20 20 -0.05103551240578552 0.11264782428096816 -0.03482469964790786 -0.03482469964790786 0.0701241231752816 1 0 0 0 0 5 20 20 0.0701241231752816 0.10721059678886569 -0.042982762739512764 -0.042982762739512764
ENSG00000187231 179262976 0.020395019111437044 0 0 0 0 20 20 20 20 0.003919970263017901 0.003919970263017901 0.003919970263017901 0.003919970263017901 -0.015628067884898414 0 0 0 0 20 20 20 20 -0.0032384977565807615 -0.0032384977565807615 -0.0032384977565807615 -0.0032384977565807615
ENSG00000187837 26056321 -0.03726440115783155 0 0 0 0 3 11 20 20 -0.07752325486241186 -0.12251590820262671 0.19852232287768315 0.19852232287768315 0.05067957817317392 1 0 0 0 0 7 20 20 0.05067957817317392 0.10667424947982651 0.17532997981663487 0.17532997981663487
ENSG00000188312 92325528 0.15397384881642215 3 1 0 0 0 0 20 20 0.15397384881642215 0.15397384881642215 0.07245002129831642 0.07245002129831642 -0.13538537612060847 1 1 0 0 0 0 20 20 -0.13538537612060847 -0.13538537612060847 -0.05880009129268369 -0.05880009129268369
ENSG00000188599 15094055 0.03767495352057435 0 0 0 0 20 20 20 20 0.012790624280390536 0.012790624280390536 0.012790624280390536 0.012790624280390536 -0.031419047009624106 0 0 0 0 20 20 20 20 0.007419426593413961 0.007419426593413961 0.007419426593413961 0.007419426593413961
ENSG00000188613 119025465 -0.29978457835406697 5 5 4 0 0 0 0 20 -0.29978457835406697 -0.29978457835406697 -0.29978457835406697 0.03489555938512949 0.26998117696990426 1 1 1 0 0 0 0 20 0.26998117696990426 0.26998117696990426 0.26998117696990426 -0.09819168903138568
ENSG00000196247 64666122 0.1593309714456373 8 8 0 0 0 0 1 3 0.1593309714456373 0.1593309714456373 0.3944699526731257 0.7083040969027504 -0.3714992283166689 11 11 1 0 0 0 0 2 -0.3714992283166689 -0.3714992283166689 -0.3714992283166689 1.0205672719127665
ENSG00000196268 21397210 -0.0593349095914572 1 0 0 0 0 16 20 20 -0.0593349095914572 -0.13140688555759097 0.018504500346515265 0.018504500346515265 0.14077784988744055 6 2 0 0 0 0 20 20 0.14077784988744055 0.14077784988744055 0.01860311388579229 0.01860311388579229
ENSG00000196295 30594388 -0.04145740395707707 0 0 0 0 1 14 20 20 -0.060502208935330114 -0.1001761450800651 -0.08320264664250906 -0.08320264664250906 0.01606900365113946 0 0 0 0 1 16 20 20 -0.05244173602250013 0.13499825077088748 -0.08772530030529957 -0.08772530030529957
ENSG00000196378 144787414 0.046674343179120344 0 0 0 0 1 1 20 20 -0.13128473339801186 -0.13128473339801186 0.029072677678082564 0.029072677678082564 -0.03593242756606171 0 0 0 0 1 1 20 20 -0.13737453711911238 -0.13737453711911238 -0.035024327124231945 -0.035024327124231945
ENSG00000196655 119018422 0.08495108925884494 1 0 0 0 0 13 20 20 0.08495108925884494 0.11263590418171915 0.007468694993365905 0.007468694993365905 -0.07655551054044198 7 0 0 0 0 1 20 20 -0.07655551054044198 -0.11367038500750552 -0.06977492847710981 -0.06977492847710981
ENSG00000196821 34696840 -0.04058156485903204 0 0 0 0 1 3 4 13 0.08401109045390259 -0.17956287726561893 -0.255907924819544 -0.7468330216340994 0.10509778297706092 2 1 0 0 0 0 4 5 0.10509778297706092 0.10509778297706092 -0.30758288935063827 0.5232412467380205
ENSG00000197020 21767600 0.07827748141952183 1 0 0 0 0 4 5 20 0.07827748141952183 0.18055391958613695 0.21146222546886173 -0.14578697105521884 -0.029013286524948945 0 0 0 0 1 2 5 20 -0.07128980288953324 -0.11627249468902721 0.22484091231007874 -0.18513638629376225
ENSG00000198130 190344069 0.005764522307102715 0 0 0 0 1 1 20 20 -0.10732719076939362 -0.10732719076939362 -0.01301891286321695 -0.01301891286321695 -0.04676297563949511 0 0 0 0 1 8 20 20 -0.06839575136877142 -0.11640337542072692 -0.03011498072056284 -0.03011498072056284
ENSG00000198502 32530290 0.1330515581046419 1 1 0 0 0 0 20 20 0.1330515581046419 0.1330515581046419 0.07567921950328205 0.07567921950328205 -0.15304305747960198 7 4 0 0 0 0 1 20 -0.15304305747960198 -0.15304305747960198 -0.24745957505075578 0.032310400722816456
ENSG00000198890 107056636 -0.1327836388721492 14 5 0 0 0 0 1 7 -0.1327836388721492 -0.1327836388721492 -0.3528614282315594 -0.7444426135818162 -0.05419811873419033 6 0 0 0 0 1 1 6 -0.05419811873419033 -0.28324174092941123 -0.28324174092941123 -0.5204911338272927
ENSG00000204947 149126274 -0.04962669638199635 0 0 0 0 1 1 6 20 -0.16495151681197284 -0.16495151681197284 -0.23236256533256983 -0.1735595200408614 0.14836357514898368 1 1 0 0 0 0 6 20 0.14836357514898368 0.14836357514898368 -0.24008751441779977 -0.1678830492421842
ENSG00000205609 28402979 0.045513777822861666 0 0 0 0 20 20 20 20 0.006646491628486251 0.006646491628486251 0.006646491628486251 0.006646491628486251 -0.02613653654330589 0 0 0 0 20 20 20 20 -0.014724208730869874 -0.014724208730869874 -0.014724208730869874 -0.014724208730869874
ENSG00000205704 41952351 -0.24978502405222183 6 5 1 0 0 0 0 20 -0.24978502405222183 -0.24978502405222183 -0.24978502405222183 0.17575369420501977 0.26082003528028036 2 2 2 0 0 0 0 20 0.26082003528028036 0.26082003528028036 0.26082003528028036 0.2037531263430122
ENSG00000213965 32691840 -0.021795978449387493 0 0 0 0 3 17 17 20 -0.06348986931702734 -0.22585731450971056 -0.22585731450971056 -0.09610347698819806 0.06982612222349512 3 0 0 0 0 9 17 20 0.06982612222349512 -0.1151081612321313 -0.32528002425787966 -0.11275095854872093
ENSG00000214046 16660226 0.1353440167824096 5 3 0 0 0 0 6 20 0.1353440167824096 0.1353440167824096 -0.47528643087553474 -0.145452449401773 -0.024117893563350496 0 0 0 0 1 4 6 20 0.06910376838497324 -0.18311088853059623 -0.33034003978677084 -0.15444689626856903
ENSG00000214087 81683798 -0.03316695364854279 0 0 0 0 5 10 20 20 -0.05742129427287454 -0.15441989242626794 0.033146237812840075 0.033146237812840075 0.02024447538309472 0 0 0 0 2 20 20 20 0.062268799827307986 0.04944029339627945 0.04944029339627945 0.04944029339627945
ENSG00000214174 64975479 -0.2595368062205668 1 1 1 0 0 0 0 20 -0.2595368062205668 -0.2595368062205668 -0.2595368062205668 -0.3454561489959245 0.2749507085052317 6 4 3 0 0 0 0 20 0.2749507085052317 0.2749507085052317 0.2749507085052317 -0.09672862172966135
ENSG00000214253 101252612 -0.0785746313629238 4 0 0 0 0 20 20 20 -0.0785746313629238 -0.012730188925482574 -0.012730188925482574 -0.012730188925482574 0.018858954966563295 0 0 0 0 5 20 20 20 0.050330181099686615 -0.008083622573083796 -0.008083622573083796 -0.008083622573083796
ENSG00000214402 136982031 -0.11891931980847016 9 3 0 0 0 0 20 20 -0.11891931980847016 -0.11891931980847016 -0.01882291536415606 -0.01882291536415606 0.06925078886088216 1 0 0 0 0 14 20 20 0.06925078886088216 0.10685153372175005 0.03434284833805028 0.03434284833805028
ENSG00000214435 102869479 0.06233792188172232 6 0 0 0 0 1 5 20 0.06233792188172232 0.13799179911885134 0.20797404151912968 0.7791123070997826 -0.03920293137390221 0 0 0 0 1 1 1 20 0.24318681190514957 0.24318681190514957 0.24318681190514957 0.7500483197801615
ENSG00000215559 13974770 0.2815062215602643 3 3 3 0 0 0 0 20 0.2815062215602643 0.2815062215602643 0.2815062215602643 0.027354775950296516 -0.08411168491963805 1 0 0 0 0 20 20 20 -0.08411168491963805 0.01948442817258046 0.01948442817258046 0.01948442817258046
ENSG00000225706 8858303 -0.15706671805034586 9 9 0 0 0 0 1 20 -0.15706671805034586 -0.15706671805034586 -0.25661424594021737 -0.07197505818785792 0.19943924193494408 1 1 0 0 0 0 1 20 0.19943924193494408 0.19943924193494408 -0.2878447167260147 -0.08292117140265891
ENSG00000226742 79964637 0.23261068732222867 5 5 4 0 0 0 0 20 0.23261068732222867 0.23261068732222867 0.23261068732222867 0.1227066959526986 0.013146746106073692 0 0 0 0 1 1 2 20 0.19775404365042817 0.19775404365042817 0.25514191090135757 0.14561630579496423
ENSG00000226752 120820914 0.00692122007186875 0 0 0 0 20 20 20 20 0.0067248676902572704 0.0067248676902572704 0.0067248676902572704 0.0067248676902572704 -0.0031981633705423737 0 0 0 0 20 20 20 20 0.005691830284045289 0.005691830284045289 0.005691830284045289 0.005691830284045289
ENSG00000228672 139394348 -0.17375411575524344 1 1 0 0 0 0 4 20 -0.17375411575524344 -0.17375411575524344 0.2047006165377352 0.11605855173712003 -0.4001873528736606 1 1 1 0 0 0 0 20 -0.4001873528736606 -0.4001873528736606 -0.4001873528736606 0.0318777372299938
ENSG00000228716 80654584 0.05316775841690741 1 0 0 0 0 3 12 20 0.05316775841690741 -0.10897793851968003 -0.3049933987864832 -0.5669408921982358 -0.07729347364441731 4 0 0 0 0 2 12 20 -0.07729347364441731 -0.1255886778383057 -0.26456040989185076 -0.4804799206125557
ENSG00000229980 50866984 -0.03527755337020446 0 0 0 0 4 4 20 20 0.12489439187161626 0.12489439187161626 0.08612764733169359 0.08612764733169359 0.02170330583290428 0 0 0 0 4 20 20 20 0.07435325406293584 0.0882726278257197 0.0882726278257197 0.0882726278257197
ENSG00000230091 80078900 -0.08932508734325205 1 0 0 0 0 3 20 20 -0.08932508734325205 -0.13519196850813073 0.034936853612429423 0.034936853612429423 0.2789275572048391 9 7 2 0 0 0 0 20 0.2789275572048391 0.2789275572048391 0.2789275572048391 0.11815700093211812
ENSG00000230453 33523484 -0.031939772363856755 0 0 0 0 1 20 20 20 -0.08932824503786113 -0.05207151097164165 -0.05207151097164165 -0.05207151097164165 0.06728598192890708 2 0 0 0 0 1 1 20 0.06728598192890708 -0.28927203670071217 -0.28927203670071217 -0.03603741676413111
ENSG00000233930 1571589 -0.22232329906511986 2 2 2 0 0 0 0 20 -0.22232329906511986 -0.22232329906511986 -0.22232329906511986 0.02889337138364394 0.6603689278505542 4 4 4 4 0 0 0 0 0.6603689278505542 0.6603689278505542 0.6603689278505542 0.6603689278505542
ENSG00000234327 5111073 0.006740331809563793 0 0 0 0 20 20 20 20 -0.002143292988566209 -0.002143292988566209 -0.002143292988566209 -0.002143292988566209 -0.008653556648682796 0 0 0 0 20 20 20 20 -0.011281417952013914 -0.011281417952013914 -0.011281417952013914 -0.011281417952013914
ENSG00000235903 46109632 -0.030907835542251016 0 0 0 0 20 20 20 20 -0.008198330632850638 -0.008198330632850638 -0.008198330632850638 -0.008198330632850638 0.015335871773527849 0 0 0 0 20 20 20 20 -0.0037105972409997036 -0.0037105972409997036 -0.0037105972409997036 -0.0037105972409997036
ENSG00000236816 42852312 0.16849215163157383 8 8 0 0 0 0 2 3 0.16849215163157383 0.16849215163157383 0.44486210714408986 0.503832281388948 -0.22535511822496765 1 1 1 0 0 0 0 20 -0.22535511822496765 -0.22535511822496765 -0.22535511822496765 0.1631235100739897
ENSG00000237517 18970176 0.03341580003826067 0 0 0 0 6 20 20 20 -0.05664678935031811 0.026264869292590486 0.026264869292590486 0.026264869292590486 -0.03506301856886869 0 0 0 0 2 20 20 20 0.07730484360212898 0.026905015261800447 0.026905015261800447 0.026905015261800447
ENSG00000237651 61143684 0.024351653861570514 0 0 0 0 20 20 20 20 0.009940762413963878 0.009940762413963878 0.009940762413963878 0.009940762413963878 -0.011981217515254173 0 0 0 0 19 20 20 20 -0.05477441498488217 -0.005845133402452861 -0.005845133402452861 -0.005845133402452861
ENSG00000239389 140882092 0.16813047606250345 3 1 0 0 0 0 3 9 0.16813047606250345 0.16813047606250345 -0.2334670742743542 0.7278952581321924 -0.29636204574573055 5 4 1 0 0 0 0 9 -0.29636204574573055 -0.29636204574573055 -0.29636204574573055 0.5722411716712287
ENSG00000239521 100272189 -0.3163624668826346 12 12 10 0 0 0 0 1 -0.3163624668826346 -0.3163624668826346 -0.3163624668826346 -0.7646865479241289 0.434620918932279 1 1 1 0 0 0 0 3 0.434620918932279 0.434620918932279 0.434620918932279 0.5428455431292166
ENSG00000239665 13634024 -0.004839877418402147 0 0 0 0 20 20 20 20 0.007374614158050683 0.007374614158050683 0.007374614158050683 0.007374614158050683 0.04063743386616408 0 0 0 0 20 20 20 20 0.007093615993970328 0.007093615993970328 0.007093615993970328 0.007093615993970328
ENSG00000239704 15502883 0.03987123768190931 0 0 0 0 3 8 20 20 0.08699139172223315 -0.11690241910985538 -0.06677251583945767 -0.06677251583945767 -0.16007858022693125 3 3 0 0 0 0 5 20 -0.16007858022693125 -0.16007858022693125 0.31141553427304963 -0.060545937321416665
ENSG00000240344 200871443 0.023814150878413553 0 0 0 0 20 20 20 20 -0.002669865020071762 -0.002669865020071762 -0.002669865020071762 -0.002669865020071762 -0.05279258876823447 5 0 0 0 0 20 20 20 -0.05279258876823447 -0.01721339033018486 -0.01721339033018486 -0.01721339033018486
ENSG00000242686 656087 -0.12841361378108088 1 1 0 0 0 0 20 20 -0.12841361378108088 -0.12841361378108088 0.048445096275417245 0.048445096275417245 -0.2006908222530351 1 1 1 0 0 0 0 20 -0.2006908222530351 -0.2006908222530351 -0.2006908222530351 0.038274475420366015
ENSG00000242779 53037288 -0.08081824839870885 3 0 0 0 0 3 20 20 -0.08081824839870885 -0.10365028537651681 -0.09498582812238172 -0.09498582812238172 0.0659540168012313 1 0 0 0 0 16 20 20 0.0659540168012313 0.11001848806895866 -0.04970998912485313 -0.04970998912485313
ENSG00000243646 33266554 -0.08782738720036078 1 0 0 0 0 20 20 20 -0.08782738720036078 0.05590449886481149 0.05590449886481149 0.05590449886481149 0.13658645510173933 8 6 0 0 0 0 20 20 0.13658645510173933 0.13658645510173933 -0.016257226135771654 -0.016257226135771654
ENSG00000243789 41827959 0.0439179011170713 0 0 0 0 11 20 20 20 -0.05666623708246162 -0.014079749286742238 -0.014079749286742238 -0.014079749286742238 -0.0012665816569786051 0 0 0 0 20 20 20 20 0.015646532021702252 0.015646532021702252 0.015646532021702252 0.015646532021702252
ENSG00000244045 28361641 -0.011741812399279223 0 0 0 0 20 20 20 20 0.012713052025855986 0.012713052025855986 0.012713052025855986 0.012713052025855986 0.06951910304607094 2 0 0 0 0 20 20 20 0.06951910304607094 0.02623867053775794 0.02623867053775794 0.02623867053775794
ENSG00000245958 119454676 -0.13792863795319854 16 3 0 0 0 0 20 20 -0.13792863795319854 -0.13792863795319854 -0.030634266618043814 -0.030634266618043814 0.08965906516334483 1 0 0 0 0 3 20 20 0.08965906516334483 0.13502683956611758 0.08875806517348944 0.08875806517348944
ENSG00000247572 81301287 0.980026224070837 7 7 7 5 0 0 0 0 0.980026224070837 0.980026224070837 0.980026224070837 0.980026224070837 -0.308558438064511 1 1 1 0 0 0 0 20 -0.308558438064511 -0.308558438064511 -0.308558438064511 0.09216249776979356
ENSG00000253982 1766956 -0.04627259695901594 0 0 0 0 1 20 20 20 -0.052797003891810884 0.02533385916993416 0.02533385916993416 0.02533385916993416 0.046540976132826185 0 0 0 0 2 20 20 20 0.05253199510080019 0.03644146053220591 0.03644146053220591 0.03644146053220591
ENSG00000254635 28532515 -0.06985247868891928 1 0 0 0 0 20 20 20 -0.06985247868891928 0.00951292184657984 0.00951292184657984 0.00951292184657984 -0.006723220981935056 0 0 0 0 3 20 20 20 -0.08161992929024448 0.0247422830010964 0.0247422830010964 0.0247422830010964
ENSG00000254685 74204026 -0.04088997904519868 0 0 0 0 20 20 20 20 -0.02634399192311805 -0.02634399192311805 -0.02634399192311805 -0.02634399192311805 0.0016878836599296253 0 0 0 0 20 20 20 20 -0.017735664043113525 -0.017735664043113525 -0.017735664043113525 -0.017735664043113525
ENSG00000256269 119088621 -0.00698365295050378 0 0 0 0 20 20 20 20 -0.006955373458925156 -0.006955373458925156 -0.006955373458925156 -0.006955373458925156 0.005293872065774197 0 0 0 0 20 20 20 20 -0.007475984271564383 -0.007475984271564383 -0.007475984271564383 -0.007475984271564383
ENSG00000259865 247187388 -0.006179059996540577 0 0 0 0 1 20 20 20 -0.06488822612789054 -0.059913470558256667 -0.059913470558256667 -0.059913470558256667 0.10169962944025061 1 1 0 0 0 0 20 20 0.10169962944025061 0.10169962944025061 -0.029058567061582375 -0.029058567061582375
ENSG00000259969 57995109 0.07037460791924527 2 0 0 0 0 20 20 20 0.07037460791924527 0.026778009136660546 0.026778009136660546 0.026778009136660546 -0.07869187108070395 1 0 0 0 0 20 20 20 -0.07869187108070395 0.019846601805566636 0.019846601805566636 0.019846601805566636
ENSG00000259994 30349362 0.18385763655967072 8 3 0 0 0 0 20 20 0.18385763655967072 0.18385763655967072 0.16226717842345217 0.16226717842345217 -0.07735139505611811 1 0 0 0 0 5 20 20 -0.07735139505611811 -0.1308601826016585 0.04529469829961342 0.04529469829961342
ENSG00000260077 10041330 0.006657113825192296 0 0 0 0 20 20 20 20 -0.0006440059707846446 -0.0006440059707846446 -0.0006440059707846446 -0.0006440059707846446 -0.011621201629831171 0 0 0 0 20 20 20 20 -0.00364254924202939 -0.00364254924202939 -0.00364254924202939 -0.00364254924202939
ENSG00000260563 82293779 0.06050522809539118 1 0 0 0 0 3 16 20 0.06050522809539118 0.10056271894058717 -0.2505417014716779 0.02510979869153844 -0.03468580538899487 0 0 0 0 3 16 20 20 0.0588893550243542 -0.13812720388641134 0.03226949463330516 0.03226949463330516
ENSG00000260708 46762547 0.10508074839601776 1 1 0 0 0 0 20 20 0.10508074839601776 0.10508074839601776 0.05417197236169552 0.05417197236169552 -0.03271801433006353 0 0 0 0 2 6 20 20 -0.05529198485663261 0.11470626040317482 0.029999852984872413 0.029999852984872413
ENSG00000261126 80047137 -0.005238892097682639 0 0 0 0 1 2 8 20 -0.07840013472869117 -0.1018584606271523 -0.27342997515567163 -0.010617200751304843 -0.13934488309400156 3 3 0 0 0 0 14 20 -0.13934488309400156 -0.13934488309400156 -0.21235817346156405 -0.032158684493017585
ENSG00000261338 218255865 -0.0755571643460614 1 0 0 0 0 4 20 20 -0.0755571643460614 0.1045084077091699 -0.060820664011075665 -0.060820664011075665 0.08307040746940371 7 0 0 0 0 1 1 20 0.08307040746940371 0.20810098464421364 0.20810098464421364 -0.025213871401571535
ENSG00000261455 152463544 -0.002934751945062375 0 0 0 0 20 20 20 20 -0.010491270523134108 -0.010491270523134108 -0.010491270523134108 -0.010491270523134108 0.012639235639019407 0 0 0 0 20 20 20 20 0.007386414067885388 0.007386414067885388 0.007386414067885388 0.007386414067885388
ENSG00000261556 70251998 0.16421175606013003 1 1 0 0 0 0 13 20 0.16421175606013003 0.16421175606013003 -0.2386885824659584 -0.2778817176618836 0.00853725523380115 0 0 0 0 1 3 11 20 -0.08378989436936045 0.10564982427502 -0.21405360711071633 -0.25981617776334304
ENSG00000268575 1737504 0.013929238336919345 0 0 0 0 20 20 20 20 -0.01914129649683184 -0.01914129649683184 -0.01914129649683184 -0.01914129649683184 -0.016416963562267378 0 0 0 0 20 20 20 20 -0.015444023865062722 -0.015444023865062722 -0.015444023865062722 -0.015444023865062722
ENSG00000270021 135399934 0.02666251851186516 0 0 0 0 5 20 20 20 -0.05907595384924258 -0.013787544211470904 -0.013787544211470904 -0.013787544211470904 -0.09321336039050604 6 0 0 0 0 1 20 20 -0.09321336039050604 -0.1011990412885067 0.018721023430434684 0.018721023430434684
ENSG00000272831 66740233 -0.03517717641182317 0 0 0 0 4 20 20 20 0.0543710306559864 0.06822051949374995 0.06822051949374995 0.06822051949374995 0.052075043900396197 1 0 0 0 0 13 20 20 0.052075043900396197 -0.1687525413583769 0.045505715115113955 0.045505715115113955
ENSG00000273253 50200073 0.2517854639233223 7 6 6 0 0 0 0 20 0.2517854639233223 0.2517854639233223 0.2517854639233223 0.026533152927623187 -0.03584919183019856 0 0 0 0 1 2 2 20 0.057429537163793475 -0.21759529999206076 -0.21759529999206076 0.045686804972884854
ENSG00000274253 22757903 0.08950164753325436 10 0 0 0 0 1 1 20 0.08950164753325436 0.21171581201322365 0.21171581201322365 0.18690984752946505 -0.22024471076576504 3 2 1 0 0 0 0 20 -0.22024471076576504 -0.22024471076576504 -0.22024471076576504 0.10252032389970848
ENSG00000274627 89517401 0.08231914937615832 1 0 0 0 0 2 14 20 0.08231914937615832 0.17268616666631012 0.28039610399334264 -0.01965640277085492 -0.09282478072067613 2 0 0 0 0 4 7 20 -0.09282478072067613 -0.10633320949438291 -0.20270522740610641 -0.07825789734773098
ENSG00000276791 2771762 0.045373744604594014 0 0 0 0 2 20 20 20 -0.07949124050252308 0.03407663361191798 0.03407663361191798 0.03407663361191798 -0.017946628610111957 0 0 0 0 14 20 20 20 0.05478878677687684 0.01074994968694463 0.01074994968694463 0.01074994968694463
ENSG00000278730 68125666 0.2911463250545974 4 2 2 0 0 0 0 20 0.2911463250545974 0.2911463250545974 0.2911463250545974 -0.17170786007558636 -0.24392881121888646 1 1 1 0 0 0 0 20 -0.24392881121888646 -0.24392881121888646 -0.24392881121888646 -0.06002260564975364
ENSG00000279233 125136873 0.1590580671569767 1 1 0 0 0 0 2 4 0.1590580671569767 0.1590580671569767 -0.2518954799224809 -1.1063857039101468 0.6456195399903663 4 2 2 1 0 0 0 0 0.6456195399903663 0.6456195399903663 0.6456195399903663 0.6456195399903663
ENSG00000279267 113605771 -0.005908710750507408 0 0 0 0 20 20 20 20 -0.0013484803234808183 -0.0013484803234808183 -0.0013484803234808183 -0.0013484803234808183 2.315158610962312e-05 0 0 0 0 20 20 20 20 -0.0020774609127373425 -0.0020774609127373425 -0.0020774609127373425 -0.0020774609127373425
ENSG00000282033 109760643 -0.1469116816828305 3 2 0 0 0 0 20 20 -0.1469116816828305 -0.1469116816828305 0.03347327750316199 0.03347327750316199 0.047428242848740206 0 0 0 0 1 3 20 20 0.07361727314278797 0.10942787825098942 0.11980184598144933 0.11980184598144933
