ENSG00000001460 0.092016846 0.0850742757320404 0.004581104040191022
ENSG00000005075 39.728615 20.137802124023438 1.309616470208857
ENSG00000005156 14.180501 6.172163963317871 0.3541109729734394
ENSG00000006607 33.09565 9.289848327636719 0.5085821770692547
ENSG00000010282 1.718522 4.5273367166519165 0.2651473338453355
ENSG00000011052 40.704647 15.588809967041016 1.1773210359595072
ENSG00000011422 0.020741003 0.010585105046629906 0.0008421485947813288
ENSG00000013573 6.893474 4.69025182723999 0.3236505874312006
ENSG00000014138 11.3481045 7.326128005981445 0.4479361311291425
ENSG00000015592 98.703575 96.11825799942017 4.776133146748262
ENSG00000020922 12.025013 3.0543251037597656 0.2299237457541582
ENSG00000023041 19.190926 4.141328811645508 0.35954806787731514
ENSG00000029639 20.786177 8.441669464111328 0.6533235775359706
ENSG00000031691 8.4012165 8.02340316772461 0.449512220509701
ENSG00000032742 12.561568 8.350412368774414 0.4955569752596315
ENSG00000040531 6.3039055 2.1711559295654297 0.1793080155754196
ENSG00000041802 1.5499051 2.8342292308807373 0.10899414907811385
ENSG00000042493 0.420923 5.954118490219116 0.10678495577444243
ENSG00000053900 8.72382 3.76314640045166 0.2436860226960804
ENSG00000056558 4.6270022 5.5104804039001465 0.2675814389839422
ENSG00000058056 4.2441497 1.886599063873291 0.14944694236147485
ENSG00000059691 20.923855 7.166959762573242 0.3965116307485985
ENSG00000060491 22.633484 5.278434753417969 0.4177162847125827
ENSG00000064199 24.290947 8.937978744506836 0.7789851675016073
ENSG00000065060 13.467846 2.788125991821289 0.31186398292981304
ENSG00000069943 15.351107 3.2857799530029297 0.34094166639004725
ENSG00000070371 8.0299225 6.300313949584961 0.4612010898917936
ENSG00000070476 21.567352 6.300176620483398 0.33045462816983456
ENSG00000071894 28.750784 8.018985748291016 0.43639505581519333
ENSG00000074410 3.4386165 2.9903846085071564 0.22049515437519865
ENSG00000075131 29.520794 8.204303741455078 0.8026287138090606
ENSG00000075336 20.627754 8.975973129272461 0.7007917669152217
ENSG00000075413 21.520744 8.759971618652344 0.6158693431558792
ENSG00000083535 9.893181 4.023719787597656 0.2724184196021491
ENSG00000084207 60.040703 24.418354034423828 1.414691248557116
ENSG00000085514 0.30374146 0.17884398251771927 0.016820204217220875
ENSG00000085982 15.733284 3.834104537963867 0.31623794057556515
ENSG00000087338 12.630375 5.032591819763184 0.2351780209534487
ENSG00000088854 24.959179 21.200623035430908 1.1310971767670486
ENSG00000089041 26.94402 24.182737350463867 1.2429518106013941
ENSG00000089486 148.71295 56.349586486816406 3.3113336175001074
ENSG00000095485 10.755123 4.930088520050049 0.2724841616145462
ENSG00000096872 19.995771 6.6260986328125 0.4642308742710887
ENSG00000099330 19.196205 11.629318714141846 0.6716622096271959
ENSG00000100299 22.956938 11.826536178588867 0.5369366466427686
ENSG00000100325 19.545298 4.575322151184082 0.358136625888239
ENSG00000100483 16.383005 7.364232063293457 0.5031406852034194
ENSG00000101104 3.3441281 7.866393566131592 0.5175152047378357
ENSG00000103037 10.824626 3.739985466003418 0.29762335807387647
ENSG00000104979 0.8458234 6.886714339256287 0.15889550637600555
ENSG00000105136 4.80122 1.7731926441192627 0.10785782229946972
ENSG00000105248 11.099747 7.427782773971558 0.3522734038182965
ENSG00000105497 3.8948717 1.3736820220947266 0.08975256595174631
ENSG00000105793 0.011147153 0.0166111271828413 0.0002808325234680933
ENSG00000106733 15.861521 17.244577407836914 0.8266826887190991
ENSG00000108592 1.0570529 0.47788453102111816 0.03691611837568653
ENSG00000109771 5.765039 4.58419942855835 0.3156615042310076
ENSG00000109854 12.201581 9.360191106796265 0.6324146565104586
ENSG00000110074 17.37694 7.802029609680176 0.41902610550971314
ENSG00000111906 1.8765811 1.1364752054214478 0.11239820134226995
ENSG00000112110 20.872452 9.574926376342773 0.7882260697423901
ENSG00000112149 1.1549822 2.935803771018982 0.18534237668477735
ENSG00000112852 7.482969 6.502066910266876 0.26879064725313456
ENSG00000113971 9.042177 2.5140581130981445 0.22296863586882062
ENSG00000114021 22.06931 12.250993728637695 0.6125242485644193
ENSG00000114331 52.95903 22.40508270263672 2.0659341508745204
ENSG00000114473 18.175478 11.448278903961182 0.6258438300373063
ENSG00000116132 0.6174861 0.4391902685165405 0.035062160195677865
ENSG00000119285 6.9489293 4.081633806228638 0.18309191665985258
ENSG00000119328 28.9987 20.35588836669922 0.9585365722410886
ENSG00000119392 14.122736 5.0180206298828125 0.3678559181233685
ENSG00000119632 0.17308855 0.5296593308448792 0.022931108762050418
ENSG00000119673 0.04298171 0.023607026785612106 0.00123300856102988
ENSG00000119943 5.50205 5.10793662071228 0.3709659594153924
ENSG00000119979 13.850917 4.402430534362793 0.355291372919836
ENSG00000120451 35.979538 17.60295295715332 0.46224502688223484
ENSG00000120539 0.18788011 0.35870544612407684 0.00880270517206094
ENSG00000120647 14.15889 5.589267730712891 0.32345419417663296
ENSG00000120675 2.8915281 3.5874509811401367 0.20006503140407517
ENSG00000120860 4.6835136 14.816478729248047 0.7881038333272089
ENSG00000122085 28.531029 6.410749435424805 0.5203127371024233
ENSG00000122335 39.695908 23.040565490722656 1.1205203638604968
ENSG00000122971 9.6975975 6.5732269287109375 0.44604288029315003
ENSG00000123297 18.64686 5.239170074462891 0.2404709363734544
ENSG00000123545 29.877087 23.431865692138672 0.9804083728393164
ENSG00000124380 0.024967652 0.011698704212903976 0.0005715372592797096
ENSG00000124508 3.3036516 1.442284345626831 0.10685128818851432
ENSG00000124523 10.800361 4.674032211303711 0.3502049550601774
ENSG00000124587 22.916271 7.349628448486328 0.42628829074376523
ENSG00000125375 6.663657 4.21113395690918 0.2669255625692252
ENSG00000125630 1.3078526 5.102662682533264 0.1268494075073707
ENSG00000125734 13.211147 4.984460830688477 0.3694961643547169
ENSG00000125885 3.1865132 2.6956255435943604 0.16579906774031689
ENSG00000125895 5.63424 6.760642051696777 0.3229952681638785
ENSG00000126790 36.950275 25.580429077148438 1.4661796706229107
ENSG00000126870 25.46796 6.149105072021484 0.48927588162544833
ENSG00000127311 2.6539145 1.5742617845535278 0.1241558571252677
ENSG00000127364 0.033556543 0.00640685111284256 0.000722246689752034
ENSG00000127720 16.123825 16.123825073242188 12.361068888540839
ENSG00000128335 0.4060183 0.3487858474254608 0.03561898532133571
ENSG00000128463 74.863625 24.26064682006836 1.4014808634855103
ENSG00000128944 8.136657 4.755192756652832 0.3538142541726139
ENSG00000129055 0.7766409 1.4814720153808594 0.17956939265936228
ENSG00000129472 16.735842 9.40507698059082 0.4886531951935229
ENSG00000130348 15.013421 6.309708595275879 0.38314318143493786
ENSG00000130363 0.722318 4.899338901042938 0.0900696376255357
ENSG00000130517 17.948576 7.143580436706543 0.5528213878295682
ENSG00000131849 3.6244082 3.100800037384033 0.1330506576071523
ENSG00000131941 2.5320888 12.770440578460693 0.6195151507345876
ENSG00000132305 0.5085885 6.232986748218536 0.08835684144206672
ENSG00000133028 0.0494507 0.047580283135175705 0.0014645199079665215
ENSG00000133433 31.689495 28.237097024917603 2.3143416171622815
ENSG00000133466 1.3544967 5.28903603553772 0.13671886529212351
ENSG00000133597 1.5207661 4.982768654823303 0.141576921822693
ENSG00000133704 5.4442205 3.358515739440918 0.22395236138691502
ENSG00000134014 0.006007757 0.001345757395029068 9.158293061616061e-05
ENSG00000134108 82.10497 29.882625579833984 2.153258754004899
ENSG00000134202 0.11221032 0.22653909027576447 0.009881727041373184
ENSG00000134265 51.004913 17.671295166015625 1.2940040007478997
ENSG00000134809 23.321146 8.763193130493164 0.6393365765042945
ENSG00000135698 20.960957 7.947999000549316 0.5686497907432196
ENSG00000135828 5.605493 4.3147313594818115 0.298949292190402
ENSG00000136059 0.04651519 0.11655924469232559 0.004097396514757135
ENSG00000136104 2.5111563 3.402230978012085 0.16360497126977516
ENSG00000136235 0.01188188 0.007741212844848633 0.00039987807227536066
ENSG00000136425 1.551074 3.757730007171631 0.16643382541455337
ENSG00000136811 0.11672321 0.35189342498779297 0.01373204207231969
ENSG00000137185 0.04193338 0.03884429484605789 0.0019697914738084324
ENSG00000137563 0.9794212 2.5887264609336853 0.08899619842828316
ENSG00000137806 10.434304 2.6165409088134766 0.21236878932623157
ENSG00000138031 10.094543 3.649118423461914 0.3237384690255498
ENSG00000138073 25.914507 5.424943923950195 0.34481415687388256
ENSG00000138381 3.6482608 2.832708954811096 0.1752287023566028
ENSG00000142082 29.879475 5.739906311035156 0.4609102355018113
ENSG00000142102 2.8861337 3.8557701110839844 0.14774280509978224
ENSG00000142178 6.2157316 2.8483591079711914 0.23326980387230656
ENSG00000143891 7.3581767 3.9240763187408447 0.220071185028512
ENSG00000148468 47.188114 14.717247009277344 1.1596843199067013
ENSG00000148690 10.192457 4.868795394897461 0.21510894906380165
ENSG00000149600 0.123314485 0.6496650129556656 0.013962285014526335
ENSG00000150403 8.287542 5.852027893066406 0.2817233899435813
ENSG00000150551 0.24708153 0.39938317239284515 0.02119525775431413
ENSG00000151148 32.555634 7.260417938232422 0.4790123567019287
ENSG00000151348 23.642006 6.298452377319336 0.5289977276521898
ENSG00000151689 9.5357895 8.607368469238281 0.5169034440112388
ENSG00000152240 7.8201494 3.800626754760742 0.28981760739899826
ENSG00000152348 11.932944 8.9102783203125 0.640224729022763
ENSG00000152749 24.648716 7.856159210205078 0.739719477878159
ENSG00000154065 1.9853517 2.887191653251648 0.15117765039215067
ENSG00000154529 9.466142 7.872361183166504 0.6485861486807466
ENSG00000154548 8.773336 5.817200660705566 0.45385636541998986
ENSG00000154803 26.218145 9.816925048828125 0.6873013801408298
ENSG00000154978 0.5037982 0.6472874283790588 0.03664519177495182
ENSG00000155093 60.48577 15.684867858886719 1.0595708606240686
ENSG00000155660 20.88903 6.466888427734375 0.6161936564320994
ENSG00000156171 33.418755 6.598857879638672 0.6513144091918786
ENSG00000156253 7.91923 4.8052451610565186 0.2434944877894057
ENSG00000157259 36.966976 14.414966583251953 0.895169830158805
ENSG00000157379 39.998405 18.633434295654297 0.956865785740748
ENSG00000157637 0.5411404 1.26540869474411 0.03444307535722273
ENSG00000158234 6.7774463 3.8924407958984375 0.23076674735542207
ENSG00000159063 18.772818 10.34041690826416 0.5564401402128203
ENSG00000160282 2.9934337 2.8661845177412033 0.27912727706025936
ENSG00000160336 5.853298 2.0395421981811523 0.1425026129624914
ENSG00000160352 10.540829 3.927351951599121 0.3183039569787261
ENSG00000160999 0.61840653 0.6741054058074951 0.06510147146256133
ENSG00000163597 19.415697 17.82069969177246 0.8575776351718745
ENSG00000164347 9.289615 24.117398262023926 0.8175746763763803
ENSG00000164414 0.009460226 0.08459009230136871 0.0011071972671787872
ENSG00000164597 0.9973006 0.8359267711639404 0.06566076736068908
ENSG00000164880 9.641065 3.4565367698669434 0.23262950386136505
ENSG00000164904 1.7124497 3.331163763999939 0.195717421574
ENSG00000166913 3.4362144 19.44969367980957 1.2163725592182926
ENSG00000167325 12.1814375 5.326277732849121 0.4198549730357541
ENSG00000167528 0.45845905 0.7740986049175262 0.04057475368524345
ENSG00000168393 4.564881 8.213913440704346 0.27720457384654296
ENSG00000169715 3.8095567 8.048593759536743 0.3287751266495738
ENSG00000169826 15.55933 5.6693572998046875 0.3933233139342097
ENSG00000169884 4.750992 5.026756286621094 0.3390344036279392
ENSG00000169914 19.614092 13.245944499969482 0.5129540956808235
ENSG00000169925 1.1229681 1.3973032236099243 0.09012732508239532
ENSG00000169967 0.33802995 0.332734078168869 0.012880180403151224
ENSG00000170275 23.95545 9.479301452636719 0.6954665416385557
ENSG00000170889 24.55657 6.597511291503906 0.47073056314801454
ENSG00000171202 14.028925 3.794255256652832 0.320897242060608
ENSG00000171714 7.061318 5.704463481903076 0.2906206002640279
ENSG00000172175 3.1956944 3.45155668258667 0.17431975424334184
ENSG00000172785 10.849717 9.070156216621399 0.4082454466752286
ENSG00000172803 0.8094325 2.429872989654541 0.07685343342862118
ENSG00000173715 0.32040837 0.26156195998191833 0.01243395296896027
ENSG00000174136 0.047272526 0.03810190409421921 0.002299985610584718
ENSG00000174446 23.34405 16.601847648620605 0.8413395871749021
ENSG00000174652 9.00031 6.742908000946045 0.20625682562769254
ENSG00000174775 1.3904552 0.7633321285247803 0.07727380703240422
ENSG00000175264 14.858073 15.947701454162598 0.9868688895616449
ENSG00000175701 15.674925 14.597049713134766 0.9641370366408268
ENSG00000177600 8.374019 3.5022077560424805 0.21519988157201742
ENSG00000177697 1.3944067 3.2235971689224243 0.13695849667572094
ENSG00000177885 24.790604 7.235185623168945 0.5033836247616629
ENSG00000177932 5.099637 2.868471145629883 0.11960665377946203
ENSG00000178201 0.06803184 0.06759955734014511 0.0015212352637425735
ENSG00000178295 1.9234722 3.1138756275177 0.17305264318259103
ENSG00000178922 11.857343 10.112223386764526 0.6534911036175906
ENSG00000179698 0.16641107 0.1778285801410675 0.008951614293136467
ENSG00000180104 23.898113 7.9191131591796875 0.44693293543949036
ENSG00000180113 0.057527907 0.0843653604388237 0.0018093174304929201
ENSG00000180914 0.5575919 0.2816471457481384 0.02117974409595595
ENSG00000182093 58.794632 33.49681854248047 2.342686436568467
ENSG00000182118 7.0350633 4.134841442108154 0.28521884084920257
ENSG00000182310 0.8817534 0.762227475643158 0.06605569073381473
ENSG00000182362 41.20625 12.044891357421875 0.7082314942659172
ENSG00000182551 1.230244 0.6640386581420898 0.05388627188142956
ENSG00000183604 22.157043 11.797019004821777 0.9473696029155779
ENSG00000183891 4.010342 5.5987629890441895 0.2791203811202649
ENSG00000184611 12.7087345 8.070311546325684 0.5000786176692184
ENSG00000184619 9.108106 3.669011116027832 0.3118112924241406
ENSG00000184787 0.41221488 0.750635027885437 0.0170661646786085
ENSG00000185015 2.5426483 2.0479655265808105 0.17296272380287106
ENSG00000185201 0.07043539 0.19450823962688446 0.007914798176505262
ENSG00000185324 0.033513773 0.019648078829050064 0.0007904692929686779
ENSG00000185904 1.0187095 13.184496521949768 0.49261234520042063
ENSG00000186088 2.2580333 3.2728381156921387 0.13997484434774557
ENSG00000186792 21.513891 11.387428283691406 0.7020891899919149
ENSG00000186868 180.68808 95.39968872070312 4.069327091691148
ENSG00000187134 12.073352 6.19879674911499 0.3600494103054552
ENSG00000187231 25.586285 9.092575073242188 0.6429045814487381
ENSG00000187837 76.63355 27.48782730102539 1.6800021815853243
ENSG00000187953 0.006353584 0.004364592954516411 0.00010757686387831693
ENSG00000188002 26.641302 14.546741485595703 0.7300941597620574
ENSG00000188312 9.087926 2.2410879135131836 0.1983120912309819
ENSG00000188599 0.031279203 0.014263223856687546 0.0014573016208136644
ENSG00000188613 3.0621161 0.7347733974456787 0.09084564364033515
ENSG00000196247 6.9163136 3.2102909088134766 0.19029231788440115
ENSG00000196268 5.6257524 5.341519206762314 0.3704754442920659
ENSG00000196295 94.58053 28.299354553222656 2.1151788439650336
ENSG00000196378 8.975823 4.155585765838623 0.22407497641241522
ENSG00000196387 0.2180187 2.4218791276216507 0.04060149589736826
ENSG00000196655 167.15292 44.00965118408203 1.7709270960011267
ENSG00000196821 8.597675 3.453266143798828 0.2946619471700026
ENSG00000196922 7.213518 2.5123977661132812 0.1790485253122027
ENSG00000197020 9.478766 4.83760404586792 0.24740849919570213
ENSG00000198130 1.2764292 3.2433128356933594 0.1219144131199957
ENSG00000198431 0.8137367 2.13588547706604 0.09064056757673661
ENSG00000198502 9.767618 9.41228374838829 0.5472187470394682
ENSG00000198890 2.6227758 2.553797960281372 0.15405132205491165
ENSG00000204947 9.569297 2.8212485313415527 0.2169516103318464
ENSG00000205609 89.86318 27.076263427734375 1.9578581601828309
ENSG00000205659 11.776053 23.832798957824707 0.8574589740156587
ENSG00000205704 27.85873 23.672992706298828 2.1705792558862975
ENSG00000213965 0.6092433 1.9261239767074585 0.0653727357915984
ENSG00000214046 3.5105948 2.103275418281555 0.19169660986564516
ENSG00000214078 29.724571 13.070926666259766 0.9982718720711241
ENSG00000214087 33.223907 8.470624923706055 0.6561023812245675
ENSG00000214174 8.174073 8.095538139343262 0.6685380595743292
ENSG00000214253 10.476713 4.192084312438965 0.29460024146584135
ENSG00000214402 0.7433974 8.371943771839142 0.24597380380399214
ENSG00000214435 5.5326676 4.010050654411316 0.2805462391857815
ENSG00000215039 37.951385 31.19170331954956 1.372911349732628
ENSG00000215559 0.09251892 0.07068871706724167 0.006182169807408104
ENSG00000225706 2.7328205 4.815667152404785 0.22837769196004132
ENSG00000226742 19.782959 13.91161584854126 1.0057569350070468
ENSG00000226752 0.04944304 0.0894109420478344 0.001593671883980707
ENSG00000227953 0.041384682 0.024781152606010437 0.0013344804438709726
ENSG00000228672 0.054579765 0.03414449095726013 0.0018277889835335538
ENSG00000228716 7.288646 6.895411014556885 0.4008064461774469
ENSG00000229980 3.4527617 3.8407044410705566 0.19057420356978338
ENSG00000230091 2.9171467 9.418557167053223 0.27325208334406165
ENSG00000230453 0.44256318 1.0947812795639038 0.045646562153861966
ENSG00000233930 0.8825353 1.588838517665863 0.45182791065748057
ENSG00000234327 0.17382309 0.5318354666233063 0.011100728884756649
ENSG00000235903 44.82586 14.08949089050293 1.439052467543716
ENSG00000236816 0.26382947 0.24693983793258667 0.020374472375735787
ENSG00000237517 14.618163 10.217879295349121 0.6637186317220691
ENSG00000237651 40.276752 23.757396697998047 1.4283710091560262
ENSG00000239389 3.4791627 3.356858290731907 0.2805107421049819
ENSG00000239521 19.12009 20.120807647705078 1.7565057529735717
ENSG00000239665 0.0875246 0.07899611443281174 0.00523643162389137
ENSG00000239704 0.22973631 0.08023367822170258 0.0066749594098868895
ENSG00000240024 30.104128 53.81532096862793 3.169358539159393
ENSG00000240344 22.094652 5.888790130615234 0.438102619173236
ENSG00000240370 15.147862 10.081299304962158 0.5632120089142798
ENSG00000242686 0.24834995 0.2848414331674576 0.010624111801390227
ENSG00000242779 5.6196847 3.235944986343384 0.2240850577528664
ENSG00000243646 2.470707 3.2707977294921875 0.16513948688636038
ENSG00000243789 15.206818 9.076075077056885 0.4080894033084163
ENSG00000244045 63.997368 9.536354064941406 0.7446951429047128
ENSG00000245958 22.780592 7.144618988037109 0.4555748334979112
ENSG00000246067 12.8881855 5.421106338500977 0.30485654954330565
ENSG00000247572 19.255394 3.725613594055176 0.2763422696737664
ENSG00000248592 19.495195 4.953767776489258 0.4476655520684824
ENSG00000250462 0.13252173 0.05955566465854645 0.005903091797701695
ENSG00000250565 14.622051 4.695554733276367 0.3586819809481699
ENSG00000251474 0.48581797 1.3353793025016785 0.04221967546972991
ENSG00000253982 0.49100035 0.6985507607460022 0.028486191057769967
ENSG00000254531 13.443056 7.457630157470703 0.6626541229325124
ENSG00000254635 32.582336 12.44308090209961 0.8319876575871467
ENSG00000254685 15.7663355 6.031878471374512 0.4059629451902855
ENSG00000256269 15.445577 7.823777198791504 0.5642455246011091
ENSG00000259865 0.11227255 0.029448337852954865 0.0030983971857573515
ENSG00000259969 0.0721983 0.1026935875415802 0.0067826442638240295
ENSG00000259994 0.08149067 0.053989969193935394 0.0038851166103993865
ENSG00000260007 21.266596 12.166470527648926 0.7239173736136522
ENSG00000260077 0.07676173 0.25437789410352707 0.007213947957815701
ENSG00000260563 0.1388286 0.19208884239196777 0.006616150529475168
ENSG00000260708 34.34628 9.42764663696289 0.46669490348326687
ENSG00000261126 0.041518092 0.03666062653064728 0.0015357228244077287
ENSG00000261338 0.7415399 0.5119397044181824 0.054221864176137904
ENSG00000261455 1.3898581 2.7868491411209106 0.054197363486239575
ENSG00000261556 0.12867796 0.04569704085588455 0.002321782504764342
ENSG00000268575 0.09480414 0.27328401803970337 0.004406648236901603
ENSG00000270021 43.704636 10.532634735107422 0.6314415167689093
ENSG00000272831 2.45379 2.2545015811920166 0.09717079838641975
ENSG00000273253 21.502245 13.173398971557617 0.5878207695718584
ENSG00000274253 3.407874 6.275117874145508 0.6197676582390222
ENSG00000274627 0.12967917 0.04179355502128601 0.003102970809486541
ENSG00000276449 0.07982348 0.02201429009437561 0.001438575297792248
ENSG00000276710 0.10776658 0.04072004556655884 0.0028303583141478187
ENSG00000276791 77.28714 23.276504516601562 2.0238654590065197
ENSG00000278730 0.38963145 0.2946440577507019 0.018077308238082356
ENSG00000279042 0.016183274 0.05001782439649105 0.0012020972962941676
ENSG00000279233 0.09858149 0.04812563955783844 0.00338258621825159
ENSG00000279267 0.01030132 0.03585580922663212 0.000564617049253494
ENSG00000280385 0.057646126 0.01781746745109558 0.0016660862467053025
ENSG00000282033 2.0361164 3.222092866897583 0.1603611003988108
